[ 1.2201 ] -1.0 1.0 -1.92522
[ 1.1213638112243391 ] -0.9454427693601384 1.0222711852725286 -1.9261556959545745
[ 1.0260185459621574 ] -0.8865847541490358 1.0421349605516503 -1.9342068297972244
[ 0.961723444566075 ] -0.8407698904728663 1.0542110672585614 -1.9484191546338017
[ 0.8961224448340431 ] -0.7886417502717883 1.0648882447709078 -1.968130438174487
[ 0.8227285220717121 ] -0.7232607607976618 1.073798985480604 -1.992672568026502
[ 0.7388016753579156 ] -0.6370796543538578 1.0784015393707937 -2.0212877326917837
[ 0.6485640930139632 ] -0.5236080740340403 1.0731287529792657 -2.0530362213482722
[ 0.564949764361283 ] -0.3803460370297058 1.0500550458455036 -2.0867789713471594
[ 0.5055810566106472 ] -0.21289651315603972 1.0029112045044366 -2.121256366500338
[ 0.4822273022516781 ] -0.03764934587293049 0.9337568497040712 -2.155245876198494
[ 0.4913893327208677 ] 0.12192818179915178 0.8558778161516506 -2.187678023199048
[ 0.5173844472230573 ] 0.24631415628090955 0.7867197437666867 -2.217844817485231
[ 0.544886847343012 ] 0.32901919765873605 0.7371132775116845 -2.24532216519373
[ 0.5664181095902322 ] 0.37568601014639147 0.7079488585489895 -2.2699997101953433
[ 0.5809887187924769 ] 0.3967866164527623 0.6944969766656317 -2.2919267587235654
[ 0.5901975054618954 ] 0.4019512975931831 0.6911803921502654 -2.311254847313867
[ 0.5958628504216004 ] 0.39805039387302643 0.6936860329080397 -2.3282089916690474
[ 0.599355794278671 ] 0.3894123361621273 0.6992165662113141 -2.34300728091003
[ 0.6015579622001559 ] 0.3785947068278097 0.7061032120219618 -2.355883393268253
[ 0.6029630436047593 ] 0.36705545602196504 0.713402703503552 -2.367058347566549
[ 0.603888276053179 ] 0.35559622484707165 0.7206034020962431 -2.376711061079856
[ 0.6044949995949094 ] 0.3446469208703564 0.7274366800509406 -2.3850524783933604
[ 0.6049103545835048 ] 0.33441969517282083 0.7337797133034227 -2.392233369748802
[ 0.6051828737696243 ] 0.3250038141979657 0.7395833792458267 -2.3983905139347486
[ 0.6053597475703606 ] 0.3164193087977669 0.7448452673159581 -2.403677116594813
[ 0.6054600564926753 ] 0.30864444481681713 0.7495858332334675 -2.4081898064940606
[ 0.6055047515522775 ] 0.3016369782040857 0.7538387626674152 -2.412042168186341
[ 0.6054985242772443 ] 0.29534261497041575 0.757641048434024 -2.41531414246709
[ 0.6054564869685037 ] 0.2897032877174443 0.7610358604557368 -2.418084535439586
[ 0.6053892705268383 ] 0.28465744798060344 0.7640615562805323 -2.420431710626614
[ 0.6052978557592368 ] 0.2801471885691846 0.766757577918245 -2.4224000663670684
[ 0.605185889569752 ] 0.27611711842432707 0.7691603251451161 -2.424053855632057
[ 0.6050537225512505 ] 0.2725128705662847 0.7713032680993546 -2.425424225147682
[ 0.6049 ] 0.269286 0.773218 -2.42656
[ 0.604742636585263 ] 0.2663906941698137 0.7749308523799968 -2.427491380732395
[ 0.6045692857494948 ] 0.2637870696839874 0.7764694916150697 -2.428246511588084
[ 0.6043940415254839 ] 0.2614366071601591 0.7778557734359379 -2.428848255638459
[ 0.6041954408666248 ] 0.2593072595695713 0.7791093539323353 -2.42931483409467
[ 0.6039969320797629 ] 0.25736769845986546 0.7802496411688601 -2.429668352535777
[ 0.6037994389300174 ] 0.2555924834604086 0.7812926621193065 -2.4299300728211315
[ 0.6035768792655888 ] 0.25395721361315876 0.7822516980873827 -2.4301084951036227
[ 0.6033610404331142 ] 0.2524420337360267 0.7831395960217287 -2.4302024073453827
[ 0.6031348390443854 ] 0.25102804398619866 0.7839667443241252 -2.430248752418456
[ 0.6029082320940465 ] 0.24969913213861036 0.7847437970357994 -2.430232614505094
[ 0.6026703184241627 ] 0.24844126342930645 0.7854790032847827 -2.4301696266243256
[ 0.6024219939260438 ] 0.2472421495960525 0.7861783109700999 -2.4300619401366745
[ 0.6021822762636473 ] 0.24609186577051026 0.7868496413951858 -2.4299162580542637
[ 0.6019235546315661 ] 0.24498094472000626 0.7874964447269182 -2.429748813679705
[ 0.6016682650036115 ] 0.24390134218987697 0.788125132668041 -2.429544126830093
[ 0.6014047712652983 ] 0.24284660620788764 0.7887390985614505 -2.4293175043545365
[ 0.6011358715674167 ] 0.2418099687904125 0.7893416507682648 -2.4290659504009207
[ 0.6008569612607874 ] 0.2407875036819888 0.7899353134849237 -2.4287984003753804
[ 0.6005790387431172 ] 0.2397737120396078 0.7905241711946178 -2.428508067559904
[ 0.6003019923603757 ] 0.23876617050108315 0.7911086297968275 -2.4282085519771046
[ 0.6000154715433766 ] 0.2377612982973281 0.7916914343698787 -2.4278897861627993
[ 0.5997235296006787 ] 0.23675552864519087 0.7922737338854688 -2.427559933628296
[ 0.5994171050224566 ] 0.23574769692842845 0.7928567906458633 -2.427211423124088
[ 0.599123140189351 ] 0.23473554707412958 0.7934426248156179 -2.426853972743586
[ 0.5988092334220225 ] 0.23371680764672695 0.7940313531475364 -2.4264846427651636
[ 0.5985024507352212 ] 0.2326898287914929 0.7946239120554461 -2.426101167525327
[ 0.5981830810750954 ] 0.23165430699553766 0.7952217950168774 -2.4257096628813786
[ 0.5978654508413414 ] 0.23060932801276582 0.7958249108583728 -2.4253120326241384
[ 0.597537578349677 ] 0.22955231994582379 0.7964335229081876 -2.424901701577728
[ 0.5972152906778502 ] 0.22848400025079585 0.7970493104171769 -2.42448546103731
[ 0.5968725239101399 ] 0.22740283415189688 0.7976708763501926 -2.424050259332841
[ 0.5965393914268655 ] 0.22630891768142453 0.7982995188144985 -2.423614015853236
[ 0.5961936982297001 ] 0.22520106996655453 0.7989363350044929 -2.4231713631619183
[ 0.59585 ] 0.224078 0.79958 -2.42271
[ 0.5954924688110378 ] 0.2229418495273547 0.8002320103230872 -2.4222473858799716
[ 0.5951351080892936 ] 0.2217898710020464 0.8008915940934613 -2.42177751012694
[ 0.5947780807857117 ] 0.22062211096577453 0.8015600432100491 -2.421300664214196
[ 0.5944074639056028 ] 0.21943974614649533 0.8022370514616274 -2.420808048442273
[ 0.5940368764876505 ] 0.21824034844032006 0.8029214547369424 -2.4203123830414834
[ 0.5936667351923925 ] 0.21702538591191714 0.8036159460044214 -2.4198031613261723
[ 0.5932830563952166 ] 0.2157930855410717 0.8043182908033597 -2.4192873793933187
[ 0.5928992337013375 ] 0.21454401490029767 0.8050306561575954 -2.418765120855298
[ 0.592515963805925 ] 0.21327708761271472 0.8057516182327458 -2.4182356645834355
[ 0.5921192389059737 ] 0.2119935762899493 0.8064813308180847 -2.41769373313349
[ 0.5917221875373803 ] 0.21069252670824876 0.8072203915491681 -2.417145913857073
[ 0.5913257529041097 ] 0.209374096680137 0.8079689933143341 -2.416589707798617
[ 0.5909158689809785 ] 0.20803680232487526 0.8087276235615127 -2.4160199239162483
[ 0.5905070103246065 ] 0.2066819273882308 0.809494908274906 -2.4154367505257697
[ 0.5900866340773968 ] 0.20530964362391207 0.8102721184006351 -2.4148551345562277
[ 0.589674763010986 ] 0.20391862179204165 0.8110572703724217 -2.414259339014489
[ 0.5892445023777363 ] 0.20251080051336728 0.8118522753737805 -2.413649331917018
[ 0.5888167684460924 ] 0.20108520544953917 0.8126571034009225 -2.413042717043864
[ 0.5883812904268967 ] 0.19964398310504247 0.8134686353343866 -2.4124104927987435
[ 0.587944578874409 ] 0.19818600248137935 0.814289836111209 -2.411781419316354
[ 0.5875086255075167 ] 0.19671426682909038 0.815116720355318 -2.4111305280107267
[ 0.5870598673059967 ] 0.19522854506680126 0.8159514029041506 -2.410481823262598
[ 0.586610130394028 ] 0.19373337972448967 0.8167898756551277 -2.409815463295121
[ 0.5861597249908103 ] 0.19222903701297342 0.8176319707225327 -2.4091405239586816
[ 0.5857093237666258 ] 0.19072044741043728 0.8184762690721494 -2.408453649974991
[ 0.5852496175027497 ] 0.18921313700426712 0.8193187512043917 -2.4077481214632868
[ 0.584793247622509 ] 0.18771016786192027 0.820157114163282 -2.407033731049179
[ 0.5843294351032138 ] 0.18622121339324463 0.8209876997732127 -2.406307728643696
[ 0.5838662145630754 ] 0.18475413147337086 0.8218052243958556 -2.405574258827391
[ 0.5834026626545342 ] 0.1833192097089379 0.822602859764944 -2.404811807385425
[ 0.5829395064713506 ] 0.18193074569436965 0.8233748038751213 -2.4040327426604553
[ 0.582465597813024 ] 0.18060304470382516 0.8241115053116201 -2.4032435198670457
[ 0.582002380132591 ] 0.1793553672004142 0.824803175335764 -2.402421434979074
[ 0.58155 ] 0.178211 0.825437 -2.40158
[ 0.5810859241544517 ] 0.17719503297244027 0.8259991688589811 -2.400702816213294
[ 0.5806294489288439 ] 0.17633812794297415 0.8264731551670671 -2.399783255453412
[ 0.5801800136422818 ] 0.17567620350973345 0.8268392557420505 -2.3988218744208503
[ 0.5797301942356822 ] 0.17524829091382668 0.8270751264785083 -2.3978116578677358
[ 0.5792788582193 ] 0.17509962204171453 0.8271571810166627 -2.3967363109427473
[ 0.5788396611713403 ] 0.17528232874942945 0.827056175859405 -2.3955832916850976
[ 0.5783915845416263 ] 0.17585150727336737 0.8267425388681732 -2.394331741404667
[ 0.577956210127811 ] 0.1768692281916113 0.8261797165743578 -2.3929646630324983
[ 0.5775189715801102 ] 0.17840269859709634 0.8253307170466498 -2.39145563443654
[ 0.5770802648615406 ] 0.18052447192115373 0.8241550048444415 -2.3897891852284348
[ 0.5766352846611101 ] 0.18331074976804898 0.8226080272672067 -2.38790778069515
[ 0.5761907040802225 ] 0.18684128322194202 0.8206417398943644 -2.3857917501172943
[ 0.5757276573847574 ] 0.19120225506727842 0.818207364104248 -2.3833728175974027
[ 0.5752662058925586 ] 0.19647740226720517 0.8152497775368579 -2.3806031442265336
[ 0.5747853102272028 ] 0.20275481134842624 0.8117149276951419 -2.3774220896502407
[ 0.5742818775796947 ] 0.21012244960025603 0.80754402510726 -2.373735642745023
[ 0.5737620516790085 ] 0.2186664452126615 0.802678474979361 -2.3694643472593744
[ 0.573215052730379 ] 0.2284719646852226 0.7970563044901475 -2.364501259237118
[ 0.5726455051460793 ] 0.2396180325843991 0.7906139794783085 -2.3587243270468363
[ 0.5720369642691481 ] 0.2521804723290676 0.7832930111588863 -2.3520006204975767
[ 0.5713858472905945 ] 0.2662230622402906 0.7750304711779272 -2.344169048619879
[ 0.5706747564946313 ] 0.2817972439350411 0.7657726332226366 -2.3350533370307405
[ 0.5699002707969263 ] 0.2989271276473773 0.7554781122031387 -2.324456636475901
[ 0.5690124003588559 ] 0.3176013991008638 0.7441221339737297 -2.3121532423532107
[ 0.5679635897479022 ] 0.33773566333458477 0.7317276817537044 -2.29789291969051
[ 0.5666541045613479 ] 0.35913022565001224 0.7183881821859637 -2.2814041245495655
[ 0.5648904995997029 ] 0.3813593040134448 0.7043468317982716 -2.2623706851310077
[ 0.5623529284170782 ] 0.40360091422323097 0.6901191683832835 -2.240470919541893
[ 0.5583863497580974 ] 0.4242871550293102 0.6767266325944645 -2.215330577553455
[ 0.5518674031919322 ] 0.4404813109856246 0.6661385651966587 -2.1865690850563078
[ 0.5407728218206732 ] 0.44683306288988345 0.6619611378252197 -2.153815739358607
[ 0.5219213203240552 ] 0.4341232890775377 0.6703077045940737 -2.1166629721420596
[ 0.4917492404261081 ] 0.3882653387577445 0.6999512291100336 -2.0747970126987205
[ 0.45008 ] 0.292912 0.759106 -2.02802
[ 0.4079877234849044 ] 0.13951276574203214 0.8465211180400558 -1.9763686953299477
[ 0.39085402742511827 ] -0.059356174796023294 0.9433002069871139 -1.9202433540374346
[ 0.4221851563550727 ] -0.2711143399683534 1.021562552914567 -1.8605092044932179
[ 0.5009926207741449 ] -0.46238172374989706 1.065379098859732 -1.7984402858138278
[ 0.6027044675459268 ] -0.6152108288219532 1.0783553513556725 -1.735502960777728
[ 0.7000183930823927 ] -0.7275182909465934 1.0733609859534974 -1.6730739604404086
[ 0.7771356696809096 ] -0.8057304499357122 1.0617525782106818 -1.612274650835238
[ 0.830343460142589 ] -0.858449873715276 1.0498403419682723 -1.5539011944802985
[ 0.8626182276780396 ] -0.8933201505350172 1.0400418987160416 -1.4984637855845395
[ 0.8790894477918813 ] -0.916148270690616 1.032772344376669 -1.446224122846509
[ 0.8845802894651454 ] -0.931008691736771 1.0276740731769165 -1.3972928273279304
[ 0.8828969187365004 ] -0.9406413949643659 1.024205666789443 -1.3516854067404827
[ 0.8767790320891776 ] -0.9468543101363391 1.0219034495981034 -1.3093219683619022
[ 0.8680682084143096 ] -0.9508260178923963 1.020404506693696 -1.2701356433874862
[ 0.8580207605520548 ] -0.9533229848110406 1.0194496650654359 -1.2339920460814087
[ 0.8474375193949679 ] -0.9548448867114243 1.0188680608020564 -1.2007871852476566
[ 0.8368256248407776 ] -0.9557222094008947 1.018522202468685 -1.1703924811957234
[ 0.8265441481009489 ] -0.9561719099216863 1.0183530278756314 -1.1426955369832936
[ 0.8167987931010504 ] -0.9563390835219584 1.018285854002202 -1.1175839339712936
[ 0.807724782406523 ] -0.956325233391973 1.0182911995522779 -1.0949535008823281
[ 0.7994017988539313 ] -0.956197819235989 1.0183402773211776 -1.0747275486823133
[ 0.7918959795559651 ] -0.9560040727224401 1.018417137846806 -1.0567979747138474
[ 0.7852194156326615 ] -0.955779658316379 1.0184997254503934 -1.0411217327517759
[ 0.7794113350051681 ] -0.9555484397108736 1.0185944324400877 -1.0276104551302594
[ 0.7744667433643758 ] -0.9553290570714441 1.0186752948730982 -1.0162152074639799
[ 0.770387595330377 ] -0.9551348218547873 1.0187522681421506 -1.006888661137927
[ 0.7671859380037307 ] -0.9549750350510106 1.0188093567031211 -0.9995977885582658
[ 0.7648653419390886 ] -0.9548577371265935 1.0188617877044908 -0.9943038147653448
[ 0.7634092279437739 ] -0.9547863628604745 1.0188847179207925 -0.9909870426703896
[ 0.7628296813507776 ] -0.9547649169633585 1.018891077604506 -0.9896345512622261
[ 0.763125937324342 ] -0.9547931483500903 1.018879551215239 -0.9902407679654265
[ 0.7642848670212982 ] -0.9548686291509385 1.018850779713849 -0.9928089665701638
[ 0.7663141473132448 ] -0.954988605861004 1.0188028556194404 -0.9973490260187933
[ 0.7692 ] -0.955146 1.01875 -1.00388
[ 0.7729565559362691 ] -0.9553312191709309 1.0186730085370594 -1.0124315525639707
[ 0.7775468838859642 ] -0.9555286941467896 1.0186024394242381 -1.0230419086554354
[ 0.7829604031020971 ] -0.9557190729233535 1.0185214953373583 -1.0357433784812229
[ 0.789178613925081 ] -0.9558705504522921 1.0184701860515035 -1.0505988756459952
[ 0.7961266059265932 ] -0.9559411631334341 1.0184400016930297 -1.0676676079395282
[ 0.8037385627036425 ] -0.9558679149320242 1.018467017890886 -1.0870062834271854
[ 0.8118590693186482 ] -0.955556844427476 1.0185831622257238 -1.108712090902459
[ 0.8202955298450607 ] -0.9548675316373649 1.0188542601011645 -1.132840880043414
[ 0.8286928729700078 ] -0.9535865868755835 1.0193463216258192 -1.1595008425841498
[ 0.8365160028434838 ] -0.951387429136778 1.02019147820531 -1.188767162384715
[ 0.84292438896857 ] -0.9477618315423975 1.0215594040532663 -1.2207315110410673
[ 0.846623089977029 ] -0.9419171790295299 1.0237357377338803 -1.255466650611024
[ 0.8456189400213828 ] -0.9326182761970757 1.0271003790635065 -1.2930160949740466
[ 0.8369344050756463 ] -0.9179353466724456 1.0321764555749364 -1.3333891494842696
[ 0.816375518064425 ] -0.894887213196683 1.0395631551812148 -1.3765329245785163
[ 0.7784658030375206 ] -0.8589703006151874 1.049700123773428 -1.4222414514995807
[ 0.7173891582022871 ] -0.8036446785317366 1.0621496185161945 -1.4701377772202822
[ 0.6297559856824884 ] -0.7201248924644238 1.07410041317653 -1.5195869117060665
[ 0.5202036962221935 ] -0.5983315335026037 1.077984792893191 -1.5696175762464404
[ 0.40792349709350545 ] -0.4305320347664356 1.0600792400626358 -1.6188353810386813
[ 0.325336496212586 ] -0.21909990662133957 1.0050009882360518 -1.6655929602951847
[ 0.2992355112003454 ] 0.014673294126688574 0.909669864485286 -1.7081166193049142
[ 0.32592752663758745 ] 0.23213537192023578 0.7949484974069624 -1.7448881477766185
[ 0.37461318050067777 ] 0.39850480624186807 0.6933990192220175 -1.77479769343317
[ 0.4175255640951583 ] 0.5044382198144223 0.6234563348925785 -1.7971815152067236
[ 0.44523742514487413 ] 0.5629346006646253 0.5832620664347302 -1.8117513453043579
[ 0.4595647688423662 ] 0.5920495692519515 0.5628647952344688 -1.8183504754522273
[ 0.464017787849435 ] 0.604193815075721 0.5542815548319027 -1.8169251521641887
[ 0.4599765081809191 ] 0.603649839043778 0.5546670830252208 -1.8074064379348656
[ 0.4457519460695512 ] 0.5862603175439542 0.5669393049545493 -1.7897344786359857
[ 0.416755745360511 ] 0.538724476542769 0.6000264279225662 -1.7638248985875946
[ 0.3688856337398444 ] 0.4397668072720901 0.6666170754983313 -1.7297150875769134
[ 0.30964756629661394 ] 0.27121274027873826 0.772083846253111 -1.6875700849639417
[ 0.27019 ] 0.0401725 0.897408 -1.63795
[ 0.2900325901177155 ] -0.21337251494620485 1.0030561762369552 -1.5819346293184764
[ 0.37686731561107945 ] -0.442885096587437 1.0622297517967054 -1.5211052255341475
[ 0.49920104267793813 ] -0.6231134245723504 1.0784274879519804 -1.4573457647332773
[ 0.6179383784895355 ] -0.7519384612013106 1.0704914656966225 -1.3924682003328377
[ 0.7107546369847907 ] -0.8388974910123085 1.0546558609378485 -1.3279262503324072
[ 0.7729972626806206 ] -0.8957151588517258 1.0393133268483592 -1.2647633663039175
[ 0.8092183554144253 ] -0.9322419865066255 1.0272326885150815 -1.2036376849020616
[ 0.8264005236670238 ] -0.9555873410293233 1.018579535438699 -1.1449148998272936
[ 0.8307532231580446 ] -0.9705242029650893 1.0126389077035371 -1.088779067317315
[ 0.8269323669496061 ] -0.9801357556706731 1.008654130418531 -1.0352681851546317
[ 0.8181302324207187 ] -0.9863747360513964 1.0060003324963633 -0.9843610944451557
[ 0.8064124891667881 ] -0.9904693457629987 1.0042262452234068 -0.9359833714126714
[ 0.7931416650193073 ] -0.9931890135370827 1.0030336529603754 -0.8900335513102651
[ 0.7791390155125817 ] -0.9950208257693208 1.002221171792356 -0.8464050534854575
[ 0.7649352002885739 ] -0.9962723693061624 1.0016701585688164 -0.8049857650102703
[ 0.7508463398555199 ] -0.9971406272307496 1.0012757749695798 -0.7656620800648736
[ 0.7370700659244013 ] -0.997752242194485 1.0010105305635226 -0.7283253049829507
[ 0.7237138724837945 ] -0.9981905516862846 1.0008126613991444 -0.6928696088538696
[ 0.7108552563700837 ] -0.9985098401510003 1.0006667130541362 -0.6591953064369939
[ 0.6984996024644395 ] -0.9987466132514575 1.000566417890147 -0.6272070146187692
[ 0.6866815920071345 ] -0.9989245045366103 1.0004806027842639 -0.5968164321254611
[ 0.6753877351189489 ] -0.9990607714516683 1.0004253209211913 -0.56793821309387
[ 0.6646119841367676 ] -0.9991659488684627 1.0003760161668107 -0.5404931747453978
[ 0.6543350447046323 ] -0.9992490248088356 1.000336447979049 -0.5144051334078975
[ 0.6445419545291365 ] -0.9993149529236599 1.0003083801272883 -0.4896053903624423
[ 0.6352152417453415 ] -0.9993685028377368 1.00028100914217 -0.46602622910019154
[ 0.6263260176129017 ] -0.9994122330329323 1.0002622085347177 -0.44360538932130206
[ 0.6178628697414285 ] -0.9994485007639283 1.0002493954000369 -0.4222839062608416
[ 0.6098151643617676 ] -0.9994790387926619 1.0002361291522395 -0.40200453773395045
[ 0.6021448907247471 ] -0.9995038906006088 1.0002232362785235 -0.3827158821588582
[ 0.5948418313586813 ] -0.9995254410613054 1.000209916367481 -0.36436814169612386
[ 0.5878986689173068 ] -0.9995433970124122 1.0002067432009396 -0.3469130995788207
[ 0.581284973297315 ] -0.9995586428102706 1.0002002983411897 -0.3303063000720773
[ 0.57499 ] -0.999571 1.00019 -0.314506
[ 0.568994373256784 ] -0.9995827907060385 1.0001910092604394 -0.2994726469883304
[ 0.563296497605068 ] -0.9995919991122174 1.0001832040410972 -0.28516726063207837
[ 0.557857680058576 ] -0.999599812542361 1.0001799614072115 -0.2715539196818263
[ 0.5526939678244647 ] -0.9996072554564784 1.0001805633881387 -0.25859936170077175
[ 0.5477758764762535 ] -0.9996131861867318 1.0001736359926061 -0.24627059627056747
[ 0.5430928312706571 ] -0.9996178132448166 1.0001698898234617 -0.23453614752468382
[ 0.5386354232266866 ] -0.9996229676894666 1.0001699172527585 -0.22336943439548015
[ 0.5343893286013099 ] -0.9996261093125594 1.0001700939219391 -0.21273923294887323
[ 0.5303424684200614 ] -0.9996297610291389 1.0001698712861855 -0.2026228479369547
[ 0.5264996908290739 ] -0.9996324984313888 1.0001679953741796 -0.192992452729919
[ 0.522838883371123 ] -0.9996345251085521 1.0001590764955768 -0.18382550947145085
[ 0.519352056183735 ] -0.9996368044885507 1.000160062430528 -0.17510006198231698
[ 0.5160351050649181 ] -0.9996383515142034 1.0001600169333253 -0.1667926154027709
[ 0.5128693865936812 ] -0.9996406335170186 1.0001599950142919 -0.1588853437817227
[ 0.5098646576432514 ] -0.9996418443346512 1.0001600004121438 -0.15135775065044377
[ 0.5069964694660432 ] -0.9996431748589163 1.0001600000769508 -0.1441906296869302
[ 0.5042766294994885 ] -0.9996445000500193 1.0001600000000028 -0.13736773644592726
[ 0.5016774837128153 ] -0.9996458249871469 1.0001599999230408 -0.13087129234392184
[ 0.4992022926679342 ] -0.9996471548917959 1.000159999587814 -0.12468663836104307
[ 0.4968541543358473 ] -0.9996483758247466 1.0001600049862145 -0.11879697073420036
[ 0.49460842542553224 ] -0.9996506167594198 1.0001599830649543 -0.11318975840339769
[ 0.4924744297098693 ] -0.9996520769131308 1.0001599375631298 -0.10785093481842417
[ 0.49044609547171314 ] -0.9996538988158551 1.0001609235982385 -0.10276696999612386
[ 0.4885134610568221 ] -0.9996557396225122 1.0001520042678749 -0.09792544759753279
[ 0.486680234035554 ] -0.9996581902569526 1.0001501278182903 -0.09331500731871503
[ 0.48492251639375655 ] -0.9996608087960139 1.0001499233069508 -0.08892442389039563
[ 0.4832532452291494 ] -0.9996634999170811 1.0001500095861384 -0.08474306662661188
[ 0.4816713038317532 ] -0.9996661609618176 1.000149998363103 -0.08076070086758365
[ 0.4801608034398767 ] -0.9996698073394692 1.0001500585130887 -0.07696789495378416
[ 0.47872061767980945 ] -0.9996730525445328 1.0001497232179823 -0.07335528379983046
[ 0.47735035127940667 ] -0.9996770883753492 1.0001498041532069 -0.06991433636763925
[ 0.47604754323637666 ] -0.9996809804866512 1.0001389301667585 -0.06663655973119581
[ 0.474802667369898 ] -0.9996857561622295 1.000140167328616 -0.06351433949798087
[ 0.47363 ] -0.99969 1.00014 -0.06054
[ 0.4725001268694259 ] -0.999695323726678 1.000140693973059 -0.057706488053362114
[ 0.47143672189538166 ] -0.9997005846349243 1.000133290136925 -0.055006973025727234
[ 0.4704120933702279 ] -0.9997058811160898 1.00012994418886 -0.05243495447008222
[ 0.46944985795786137 ] -0.9997111094127626 1.0001297556218713 -0.04998443397136802
[ 0.46851937958816964 ] -0.9997171313253085 1.000131092411855 -0.047649440404851105
[ 0.46764784702562473 ] -0.999722749133785 1.0001204106093415 -0.04542451264443974
[ 0.4668054378506018 ] -0.9997293517017731 1.0001203073148908 -0.04330440148337985
[ 0.4660110596596507 ] -0.9997359345035275 1.0001196483929107 -0.041283894014113816
[ 0.4652490107731252 ] -0.9997425592345314 1.0001204828174526 -0.039358499388110944
[ 0.46453460617886155 ] -0.9997491775792885 1.0001090933094967 -0.037523385254582375
[ 0.46384093147732364 ] -0.9997557864455289 1.0001099621301055 -0.035774491616074856
[ 0.4631963736195055 ] -0.9997624279637999 1.0001105878158334 -0.034107440841746633
[ 0.46256493272334 ] -0.99976920091164 1.0000991462859974 -0.03251862147168663
[ 0.4619757989093356 ] -0.9997767365007856 1.0000999834950883 -0.031004072031259714
[ 0.46141005897470816 ] -0.9997832753506392 1.0001006870622258 -0.029560289511117624
[ 0.46087876642581554 ] -0.9997900202333473 1.0000891864447963 -0.028184073848187413
[ 0.46036284264134525 ] -0.9997976279227064 1.0000903431487567 -0.026872019580497498
[ 0.4598746284984384 ] -0.9998040275599929 1.0000897574979681 -0.025621303384232172
[ 0.4594107918009051 ] -0.9998118048819624 1.0000888440404565 -0.02442878943988948
[ 0.4589737180322229 ] -0.9998183257385447 1.0000790359061393 -0.02329187959462158
[ 0.4585523210066445 ] -0.9998249736342407 1.0000798790272818 -0.022207922855003916
[ 0.4581544323806546 ] -0.9998315885046949 1.000079121162444 -0.021174409897250484
[ 0.45776420578100324 ] -0.9998382062512282 1.0000690025646974 -0.02018889599326426
[ 0.45740274242758605 ] -0.999844821593334 1.0000698825841245 -0.01924930929459249
[ 0.45705749988916605 ] -0.9998514362883512 1.0000693702491357 -0.018353281961422
[ 0.45673088409121626 ] -0.9998581528886611 1.0000589049104571 -0.017498957959995294
[ 0.4564120103474903 ] -0.9998638794852149 1.0000602249066675 -0.016684253041485686
[ 0.4561171351568423 ] -0.9998702598676639 1.000060115696987 -0.015907348975810625
[ 0.4558282696382843 ] -0.9998758608930659 1.0000563731398007 -0.01516647311135344
[ 0.4555575996071342 ] -0.9998818920028456 1.000049370139561 -0.01445998929165433
[ 0.4553043984523704 ] -0.9998871190439573 1.000049991066527 -0.013786272746846599
[ 0.45505570842157933 ] -0.9998924079651516 1.000049816369154 -0.01314371346713001
[ 0.45481769602735395 ] -0.9998977144499451 1.000051055674849 -0.012530988069609788
[ 0.45459 ] -0.999903 1.00004 -0.0119467
[ 0.45438164138565895 ] -0.9999079790222771 1.0000402703586084 -0.011389392368468547
[ 0.45417551820923086 ] -0.9999126254802185 1.0000400223631207 -0.010857983336796955
[ 0.45398401538743366 ] -0.9999168995984923 1.00003995355793 -0.010351192311888184
[ 0.45379837979141174 ] -0.9999219937911114 1.0000373730934287 -0.00986785732888846
[ 0.453617861065262 ] -0.9999258272637835 1.0000291798588041 -0.009406933054334581
[ 0.4534574326005962 ] -0.9999298267350691 1.000030028796666 -0.008967375997178095
[ 0.453289792948903 ] -0.9999338504859376 1.0000300081848856 -0.008548186011635352
[ 0.4531385445180455 ] -0.99993716883316 1.0000300725080689 -0.008148435044703006
[ 0.4529989853443221 ] -0.9999407048327937 1.0000298723993004 -0.007767216965696632
[ 0.45285554855085725 ] -0.9999444880665264 1.000027995820029 -0.007403676256537251
[ 0.45272320091547275 ] -0.9999476693480183 1.0000190763714385 -0.0070570042651039375
[ 0.4526011569568484 ] -0.9999507892010904 1.0000200624543931 -0.006726421838289673
[ 0.45247233207378124 ] -0.9999534183511475 1.0000200170960838 -0.00641118019123297
[ 0.45236279441551414 ] -0.9999560573931344 1.0000199935834904 -0.006110570885804945
[ 0.4522513871779488 ] -0.9999587046979808 1.0000200040704 -0.005823934809638459
[ 0.45214553594478846 ] -0.999961343303641 1.0000200263499226 -0.005550613259642415
[ 0.45204415331004627 ] -0.9999640990820444 1.0000197307354133 -0.005289989036679573
[ 0.4519526549675056 ] -0.9999657932482601 1.0000208023251334 -0.005041497262524271
[ 0.45186092434305347 ] -0.9999683345847934 1.0000092903980098 -0.00480455732207062
[ 0.4517773469222707 ] -0.9999705702301668 1.0000102774182844 -0.004578648889891028
[ 0.45169182777313266 ] -0.9999716994460728 1.0000099688435677 -0.004363261687195336
[ 0.45161264820211505 ] -0.9999741832045839 1.0000099968997809 -0.004157899793507584
[ 0.4515380691786831 ] -0.9999753208441324 1.000010001461624 -0.003962116647394815
[ 0.451463805596666 ] -0.9999775678687917 1.0000099998141256 -0.0037754600412796967
[ 0.45139555608435805 ] -0.9999790757816178 1.0000099999872365 -0.0035975200579908997
[ 0.45133324227655414 ] -0.99998041764072 1.0000100000093057 -0.00342787946152069
[ 0.4512740264509946 ] -0.9999817413508756 1.00000999999183 -0.003266165056202296
[ 0.4512074061721383 ] -0.9999830696780366 1.0000099999891288 -0.0031120042641771197
[ 0.45115492922777367 ] -0.9999840208305696 1.0000100003036063 -0.0029650566489740847
[ 0.4511016536829196 ] -0.9999846401425919 1.0000099985734465 -0.0028249848033062553
[ 0.4510487675204343 ] -0.9999860266377658 1.000009998992131 -0.0026914618007413396
[ 0.45099932798364917 ] -0.9999874365671951 1.0000100547107644 -0.0025641989774970626
[ 0.45095280638256224 ] -0.9999879435798584 1.0000097162717279 -0.002442897382433111
[ 0.45091 ] -0.999989 1.00001 -0.00232728
[ 0.45087020990914345 ] -0.9999891898646126 0.9999989411116726 -0.002217093897852922
[ 0.45083062594787926 ] -0.9999907844232321 1.000000204183352 -0.002112074368403506
[ 0.4507908683891672 ] -0.9999909847731197 0.9999999962385823 -0.002011989706065943
[ 0.4507504917435474 ] -0.9999920461531538 0.999999994676053 -0.0019166070086234633
[ 0.4507181557741539 ] -0.9999926072901435 1.0000000011329255 -0.0018257105437478709
[ 0.45068151896989345 ] -0.99999302056991 0.9999999999595998 -0.0017390938858096413
[ 0.45065267572235584 ] -0.9999932348503642 0.9999999999735656 -0.0016565477857943922
[ 0.4506172947395273 ] -0.9999941138113433 1.000000000006225 -0.0015778875035992596
[ 0.45059181342651194 ] -0.9999939487632497 0.9999999999996766 -0.0015029389401138246
[ 0.4505653111246171 ] -0.9999951061681577 0.9999999999998707 -0.0014315256935929278
[ 0.4505388383531864 ] -0.999994869353054 1.000000000000034 -0.0013634741326966088
[ 0.4505123109804074 ] -0.9999959142053779 0.9999999999999978 -0.0012986421431931466
[ 0.45048545727160855 ] -0.9999959884694548 0.9999999999999994 -0.0012368652072443922
[ 0.45046468133519924 ] -0.9999959034230343 1.0000000000000002 -0.0011780093339380762
[ 0.4504434397877426 ] -0.999996884419735 1.0 -0.0011219343174055426
[ 0.45041801899635897 ] -0.9999969757660008 1.0 -0.001068516272690952
[ 0.4504002650531349 ] -0.9999970341751973 1.0 -0.0010176220973488873
[ 0.45038116528953565 ] -0.9999969190581431 1.0 -0.0009691366912994448
[ 0.45036733087434 ] -0.9999980708506739 1.0 -0.0009229479069851588
[ 0.45034426111846776 ] -0.9999979724302774 1.0 -0.0008789474794598499
[ 0.45033223592794086 ] -0.999998002657547 1.0 -0.0008370338015652054
[ 0.4503190677965593 ] -0.999997998636604 1.0 -0.0007971069450904597
[ 0.4503012785645668 ] -0.9999980246017344 1.0 -0.0007590747256620586
[ 0.45028184662109044 ] -0.9999979055955158 1.0 -0.0007228478999078942
[ 0.45026907127937654 ] -0.9999990477099805 1.0 -0.0006883414042717388
[ 0.4502561369202876 ] -0.9999989712561961 1.0 -0.0006554736376324658
[ 0.45024165063897337 ] -0.9999990040906952 1.0 -0.000624168229343221
[ 0.4502397495761991 ] -0.9999990001731198 1.0 -0.000594351393456155
[ 0.4502258299142187 ] -0.9999989998516677 1.0 -0.0005659514143843138
[ 0.450213258356536 ] -0.9999990000207969 1.0 -0.0005389036500688862
[ 0.45019989888716827 ] -0.9999989999985316 1.0 -0.0005131430878003592
[ 0.4501977428109862 ] -0.9999990001044874 1.0 -0.0004886094268713702
[ 0.4501820109404323 ] -0.9999989994543004 1.0 -0.0004652434729951203
[ 0.45018 ] -0.999999 1.0 -0.00044299099999999897
[ 0.45016573185504816 ] -0.9999990187670895 1.0 -0.00042179901343820746
[ 0.4501606094801699 ] -0.9999988926246176 1.0 -0.0004016173674354286
[ 0.4501501547394255 ] -0.9999999804224207 1.0 -0.0003823985100983961
[ 0.45014747913211245 ] -0.9999999723257185 1.0 -0.00036409564394686576
[ 0.4501402793142182 ] -1.0000000058890333 1.0 -0.00034666644996232535
[ 0.4501303439758388 ] -0.9999999997899962 1.0 -0.0003300689671658994
[ 0.4501278119290045 ] -0.9999999998625916 1.0 -0.00031426450125677776
[ 0.4501202063167895 ] -1.0000000000323588 1.0 -0.0002992138933642353
[ 0.45011056338832167 ] -0.9999999999983181 1.0 -0.00028488274075184655
[ 0.4501083036559537 ] -0.9999999999993278 1.0 -0.00027123544603833863
[ 0.45009872689964364 ] -1.0000000000001763 1.0 -0.0002582409570918684
[ 0.4501006570642935 ] -0.999999999999988 1.0 -0.00024586778685899613
[ 0.4500890210839156 ] -0.9999999999999968 1.0 -0.00023408596672875383
[ 0.4500912943961423 ] -1.0000000000000009 1.0 -0.00022286734046195512
[ 0.45008111211804636 ] -0.9999999999999999 1.0 -0.00021218487178186499
[ 0.45008011477281873 ] -1.0 1.0 -0.00020201457203950724
[ 0.45008091472274575 ] -1.0 1.0 -0.00019232995247868737
[ 0.4500714849406118 ] -1.0 1.0 -0.0001831085894752997
[ 0.45007048937101857 ] -1.0 1.0 -0.0001743295985355247
[ 0.45006527802811924 ] -1.0 1.0 -0.0001659694557855962
[ 0.45005955752558624 ] -1.0 1.0 -0.00015801121586031273
[ 0.45005989530388496 ] -1.0 1.0 -0.00015043335160255434
[ 0.4500609422849744 ] -1.0 1.0 -0.00014321794651726637
[ 0.4500520066030476 ] -1.0 1.0 -0.0001363482493925331
[ 0.4500501398379771 ] -1.0 1.0 -0.00012980784562868148
[ 0.45004968883461044 ] -1.0 1.0 -0.00012358052368800342
[ 0.45005100568233325 ] -1.0 1.0 -0.00011765233932801052
[ 0.45003966443735727 ] -1.0 1.0 -0.00011200698547303729
[ 0.4500402927118873 ] -1.0 1.0 -0.00010663332829101256
[ 0.4500399345261605 ] -1.0 1.0 -0.00010151705962476418
[ 0.45003998505073717 ] -1.0 1.0 -9.664561677435257e-05
[ 0.4500407634982598 ] -1.0 1.0 -9.200789994041891e-05
[ 0.45003295233056445 ] -1.0 1.0 -8.759259664033623e-05
[ 0.45003 ] -1.0 1.0 -8.3389e-05
[ 0.4500299230153657 ] -1.0 1.0 -7.93868925491273e-05
[ 0.45003002019321403 ] -1.0 1.0 -7.557678842274225e-05
[ 0.45002999632328045 ] -1.0 1.0 -7.194940214330269e-05
[ 0.4500298291834961 ] -1.0 1.0 -6.849600334452635e-05
[ 0.4500310782045797 ] -1.0 1.0 -6.520830636725137e-05
[ 0.45002040942900895 ] -1.0 1.0 -6.207827174566263e-05
[ 0.45002026656307353 ] -1.0 1.0 -5.909837558254486e-05
[ 0.4500199372283784 ] -1.0 1.0 -5.626149869660334e-05
[ 0.450020003259457 ] -1.0 1.0 -5.3560679879268744e-05
[ 0.45002000125438324 ] -1.0 1.0 -5.098951155293663e-05
[ 0.4500200000498215 ] -1.0 1.0 -4.8541690210594375e-05
[ 0.45001999919240593 ] -1.0 1.0 -4.621134217805394e-05
[ 0.4500199916579224 ] -1.0 1.0 -4.399280951025895e-05
[ 0.4500200743321978 ] -1.0 1.0 -4.188074410628793e-05
[ 0.4500198098627752 ] -1.0 1.0 -3.9870069824749054e-05
[ 0.4500185794906391 ] -1.0 1.0 -3.7955887329155267e-05
[ 0.4500089951905185 ] -1.0 1.0 -3.613355402402831e-05
[ 0.45001009804230613 ] -1.0 1.0 -3.439873094006748e-05
[ 0.45001001365124965 ] -1.0 1.0 -3.274707436501806e-05
[ 0.45000999466305575 ] -1.0 1.0 -3.117479341043209e-05
[ 0.4500100005993843 ] -1.0 1.0 -2.9677979364987024e-05
[ 0.4500100000596417 ] -1.0 1.0 -2.825304886149665e-05
[ 0.4500099999718816 ] -1.0 1.0 -2.6896405317251748e-05
[ 0.45001000000357516 ] -1.0 1.0 -2.56050174676148e-05
[ 0.4500100000002439 ] -1.0 1.0 -2.4375505162539654e-05
[ 0.4500099999998537 ] -1.0 1.0 -2.320511501238768e-05
[ 0.4500100000000183 ] -1.0 1.0 -2.2090839160268607e-05
[ 0.4500099999999969 ] -1.0 1.0 -2.103015897950778e-05
[ 0.45001000000011165 ] -1.0 1.0 -2.002034470975634e-05
[ 0.45000999999947217 ] -1.0 1.0 -1.9058970947203958e-05
[ 0.45000999999962704 ] -1.0 1.0 -1.8143847339342018e-05
[ 0.4500100000202482 ] -1.0 1.0 -1.7272548381318155e-05
[ 0.45000999989499324 ] -1.0 1.0 -1.6443207469842455e-05
[ 0.45001 ] -1.0 1.0 -1.56536e-05
[ 0.4500100036103921 ] -1.0 1.0 -1.4901875179036275e-05
[ 0.45000997934324577 ] -1.0 1.0 -1.4186370036602626e-05
[ 0.45001001271393476 ] -1.0 1.0 -1.3505059868903052e-05
[ 0.4500106360694591 ] -1.0 1.0 -1.2856610474217774e-05
[ 0.45000362014057554 ] -1.0 1.0 -1.223923486661793e-05
[ 0.4499998908384354 ] -1.0 1.0 -1.1651459019327996e-05
[ 0.4499999285740532 ] -1.0 1.0 -1.1091986142249957e-05
[ 0.45000001682027346 ] -1.0 1.0 -1.0559309754968557e-05
[ 0.44999999912571476 ] -1.0 1.0 -1.0052325088130407e-05
[ 0.4499999996505439 ] -1.0 1.0 -9.569556238918733e-06
[ 0.4500000000915903 ] -1.0 1.0 -9.110025849820505e-06
[ 0.4499999999938083 ] -1.0 1.0 -8.672554289467241e-06
[ 0.4499999999983206 ] -1.0 1.0 -8.256084822267613e-06
[ 0.45000000000049445 ] -1.0 1.0 -7.859620415821245e-06
[ 0.4499999999999591 ] -1.0 1.0 -7.4821914303699244e-06
[ 0.44999999999999213 ] -1.0 1.0 -7.122889528997698e-06
[ 0.4500000000000027 ] -1.0 1.0 -6.780843421461125e-06
[ 0.4499999999999998 ] -1.0 1.0 -6.455218278351774e-06
[ 0.44999999999999996 ] -1.0 1.0 -6.145225104564993e-06
[ 0.45 ] -1.0 1.0 -5.850125031608742e-06
[ 0.45 ] -1.0 1.0 -5.5691907012754916e-06
[ 0.45 ] -1.0 1.0 -5.3017567092106785e-06
[ 0.45 ] -1.0 1.0 -5.047150603884951e-06
[ 0.45 ] -1.0 1.0 -4.804782977642595e-06
[ 0.45 ] -1.0 1.0 -4.574048586749392e-06
[ 0.45 ] -1.0 1.0 -4.354398402063289e-06
[ 0.45 ] -1.0 1.0 -4.145290100927308e-06
[ 0.45 ] -1.0 1.0 -3.94622898884012e-06
[ 0.45 ] -1.0 1.0 -3.7567200008007037e-06
[ 0.45 ] -1.0 1.0 -3.576319626927823e-06
[ 0.45 ] -1.0 1.0 -3.4045747201525614e-06
[ 0.45 ] -1.0 1.0 -3.2410839443952776e-06
[ 0.45 ] -1.0 1.0 -3.085434660524468e-06
[ 0.45 ] -1.0 1.0 -2.93727e-06
[ 0.45 ] -1.0 1.0 -2.7962185860806336e-06
[ 0.45 ] -1.0 1.0 -2.6619355038697106e-06
[ 0.45 ] -1.0 1.0 -2.5341098495504618e-06
[ 0.45 ] -1.0 1.0 -2.412412853054864e-06
[ 0.45 ] -1.0 1.0 -2.2965623130360406e-06
[ 0.45 ] -1.0 1.0 -2.186276335507407e-06
[ 0.45 ] -1.0 1.0 -2.08129392473113e-06
[ 0.45 ] -1.0 1.0 -1.9813445476835314e-06
[ 0.45 ] -1.0 1.0 -1.8861986682183525e-06
[ 0.45 ] -1.0 1.0 -1.7956120108299802e-06
[ 0.45 ] -1.0 1.0 -1.7093867657529901e-06
[ 0.45 ] -1.0 1.0 -1.6272925302403342e-06
[ 0.45 ] -1.0 1.0 -1.5491556473407851e-06
[ 0.45 ] -1.0 1.0 -1.4747614644916618e-06
[ 0.45 ] -1.0 1.0 -1.4039359952824008e-06
[ 0.45 ] -1.0 1.0 -1.336520858277766e-06
[ 0.45 ] -1.0 1.0 -1.2723349211841393e-06
[ 0.45 ] -1.0 1.0 -1.2112324292646257e-06
[ 0.45 ] -1.0 1.0 -1.1530674671496926e-06
[ 0.45 ] -1.0 1.0 -1.0976954480039574e-06
[ 0.45 ] -1.0 1.0 -1.0449798599354662e-06
[ 0.45 ] -1.0 1.0 -9.948010082377813e-07
[ 0.45 ] -1.0 1.0 -9.470281359539225e-07
[ 0.45 ] -1.0 1.0 -9.015503249071187e-07
[ 0.45 ] -1.0 1.0 -8.582555652442658e-07
[ 0.45 ] -1.0 1.0 -8.170410811571627e-07
[ 0.45 ] -1.0 1.0 -7.778050941316472e-07
[ 0.45 ] -1.0 1.0 -7.404526377335539e-07
[ 0.45 ] -1.0 1.0 -7.048949977161825e-07
[ 0.45 ] -1.0 1.0 -6.710449173152311e-07
[ 0.45 ] -1.0 1.0 -6.388189877282589e-07
[ 0.45 ] -1.0 1.0 -6.081424602340456e-07
[ 0.45 ] -1.0 1.0 -5.789378650442021e-07
[ 0.45 ] -1.0 1.0 -5.51136e-07
[ 0.45 ] -1.0 1.0 -5.246692695110077e-07
[ 0.45 ] -1.0 1.0 -4.994741192344594e-07
[ 0.45 ] -1.0 1.0 -4.754877467515367e-07
[ 0.45 ] -1.0 1.0 -4.52653734136119e-07
[ 0.45 ] -1.0 1.0 -4.309163802232308e-07
[ 0.45 ] -1.0 1.0 -4.1022325781890784e-07
[ 0.45 ] -1.0 1.0 -3.9052324702512517e-07
[ 0.45 ] -1.0 1.0 -3.717698634766822e-07
[ 0.45 ] -1.0 1.0 -3.5391628252176885e-07
[ 0.45 ] -1.0 1.0 -3.369202956106604e-07
[ 0.45 ] -1.0 1.0 -3.207406594374073e-07
[ 0.45 ] -1.0 1.0 -3.0533779578744503e-07
[ 0.45 ] -1.0 1.0 -2.906753087648199e-07
[ 0.45 ] -1.0 1.0 -2.767169366544251e-07
[ 0.45 ] -1.0 1.0 -2.6342766434471045e-07
[ 0.45 ] -1.0 1.0 -2.5077718687836457e-07
[ 0.45 ] -1.0 1.0 -2.387347458848819e-07
[ 0.45 ] -1.0 1.0 -2.2727039672037053e-07
[ 0.45 ] -1.0 1.0 -2.1635568908835932e-07
[ 0.45 ] -1.0 1.0 -2.0596612442828038e-07
[ 0.45 ] -1.0 1.0 -1.960752025648463e-07
[ 0.45 ] -1.0 1.0 -1.866597006009635e-07
[ 0.45 ] -1.0 1.0 -1.7769558904074943e-07
[ 0.45 ] -1.0 1.0 -1.6916240010143186e-07
[ 0.45 ] -1.0 1.0 -1.6103871778700316e-07
[ 0.45 ] -1.0 1.0 -1.533046218117307e-07
[ 0.45 ] -1.0 1.0 -1.4594327104622005e-07
[ 0.45 ] -1.0 1.0 -1.389347295794418e-07
[ 0.45 ] -1.0 1.0 -1.3226248362060183e-07
[ 0.45 ] -1.0 1.0 -1.259107157232831e-07
[ 0.45 ] -1.0 1.0 -1.198648579168801e-07
[ 0.45 ] -1.0 1.0 -1.1410868271153823e-07
[ 0.45 ] -1.0 1.0 -1.0862820008872296e-07
[ 0.45 ] -1.0 1.0 -1.03412e-07
[ 0.45 ] -1.0 1.0 -9.844568291960321e-08
[ 0.45 ] -1.0 1.0 -9.371809467130162e-08
[ 0.45 ] -1.0 1.0 -8.921751871099767e-08
[ 0.45 ] -1.0 1.0 -8.493301347774343e-08
[ 0.45 ] -1.0 1.0 -8.085429618262535e-08
[ 0.45 ] -1.0 1.0 -7.697137882472598e-08
[ 0.45 ] -1.0 1.0 -7.327500344031217e-08
[ 0.45 ] -1.0 1.0 -6.975611868863261e-08
[ 0.45 ] -1.0 1.0 -6.640612605087286e-08
[ 0.45 ] -1.0 1.0 -6.321706897021445e-08
[ 0.45 ] -1.0 1.0 -6.018119814632663e-08
[ 0.45 ] -1.0 1.0 -5.729109098180409e-08
[ 0.45 ] -1.0 1.0 -5.4539652652217354e-08
[ 0.45 ] -1.0 1.0 -5.192044901719915e-08
[ 0.45 ] -1.0 1.0 -4.942704652930217e-08
[ 0.45 ] -1.0 1.0 -4.705330820897605e-08
[ 0.45 ] -1.0 1.0 -4.4793559419356495e-08
[ 0.45 ] -1.0 1.0 -4.2642314217103895e-08
[ 0.45 ] -1.0 1.0 -4.059439497890104e-08
[ 0.45 ] -1.0 1.0 -3.8644768996231294e-08
[ 0.45 ] -1.0 1.0 -3.6788788867783995e-08
[ 0.45 ] -1.0 1.0 -3.502195280771697e-08
[ 0.45 ] -1.0 1.0 -3.333995987310301e-08
[ 0.45 ] -1.0 1.0 -3.173869799747549e-08
[ 0.45 ] -1.0 1.0 -3.021429003979839e-08
[ 0.45 ] -1.0 1.0 -2.8763181844791856e-08
[ 0.45 ] -1.0 1.0 -2.738164948083562e-08
[ 0.45 ] -1.0 1.0 -2.6066516112766276e-08
[ 0.45 ] -1.0 1.0 -2.4814472445515373e-08
[ 0.45 ] -1.0 1.0 -2.362257585010013e-08
[ 0.45 ] -1.0 1.0 -2.2487886611279752e-08
[ 0.45 ] -1.0 1.0 -2.1407713666637932e-08
[ 0.45 ] -1.0 1.0 -2.0379284275516287e-08
[ 0.45 ] -1.0 1.0 -1.9400299999999912e-08
[ 0.45 ] -1.0 1.0 -1.846838323631441e-08
[ 0.45 ] -1.0 1.0 -1.75811092463924e-08
[ 0.45 ] -1.0 1.0 -1.6736403615362843e-08
[ 0.45 ] -1.0 1.0 -1.5932328640828198e-08
[ 0.45 ] -1.0 1.0 -1.5166835395096827e-08
[ 0.45 ] -1.0 1.0 -1.44380650898202e-08
[ 0.45 ] -1.0 1.0 -1.3744254090373165e-08
[ 0.45 ] -1.0 1.0 -1.3083749780539469e-08
[ 0.45 ] -1.0 1.0 -1.2454937257711221e-08
[ 0.45 ] -1.0 1.0 -1.1856227365844548e-08
[ 0.45 ] -1.0 1.0 -1.1286362546609947e-08
[ 0.45 ] -1.0 1.0 -1.0743748489821567e-08
[ 0.45 ] -1.0 1.0 -1.0227202935880573e-08
[ 0.45 ] -1.0 1.0 -9.73541783918738e-09
[ 0.45 ] -1.0 1.0 -9.267216830738936e-09
[ 0.45 ] -1.0 1.0 -8.821475243044796e-09
[ 0.45 ] -1.0 1.0 -8.397093061221755e-09
[ 0.45 ] -1.0 1.0 -7.993057548391574e-09
[ 0.45 ] -1.0 1.0 -7.608385939130656e-09
[ 0.45 ] -1.0 1.0 -7.242141317976033e-09
[ 0.45 ] -1.0 1.0 -6.893439183290521e-09
[ 0.45 ] -1.0 1.0 -6.561444186862304e-09
[ 0.45 ] -1.0 1.0 -6.245341037904988e-09
[ 0.45 ] -1.0 1.0 -5.944359617854589e-09
[ 0.45 ] -1.0 1.0 -5.6577890622187595e-09
[ 0.45 ] -1.0 1.0 -5.384912744929611e-09
[ 0.45 ] -1.0 1.0 -5.1250847095454816e-09
[ 0.45 ] -1.0 1.0 -4.8776790664005226e-09
[ 0.45 ] -1.0 1.0 -4.642079369570744e-09
[ 0.45 ] -1.0 1.0 -4.417733611810215e-09
[ 0.45 ] -1.0 1.0 -4.204084727759861e-09
[ 0.45 ] -1.0 1.0 -4.000622251414546e-09
[ 0.45 ] -1.0 1.0 -3.806847778558308e-09
[ 0.45 ] -1.0 1.0 -3.6223e-09
[ 0.45 ] -1.0 1.0 -3.4465186991350278e-09
[ 0.45 ] -1.0 1.0 -3.2790987889275345e-09
[ 0.45 ] -1.0 1.0 -3.119607027327141e-09
[ 0.45 ] -1.0 1.0 -2.9676838775533194e-09
[ 0.45 ] -1.0 1.0 -2.822946239718959e-09
[ 0.45 ] -1.0 1.0 -2.685045252151658e-09
[ 0.45 ] -1.0 1.0 -2.55365576916498e-09
[ 0.45 ] -1.0 1.0 -2.428448155450238e-09
[ 0.45 ] -1.0 1.0 -2.3091234138033224e-09
[ 0.45 ] -1.0 1.0 -2.1953874951842143e-09
[ 0.45 ] -1.0 1.0 -2.086980236047161e-09
[ 0.45 ] -1.0 1.0 -1.9836217224493997e-09
[ 0.45 ] -1.0 1.0 -1.8850650565811594e-09
[ 0.45 ] -1.0 1.0 -1.7910795531763682e-09
[ 0.45 ] -1.0 1.0 -1.7014326172199408e-09
[ 0.45 ] -1.0 1.0 -1.6159074651157987e-09
[ 0.45 ] -1.0 1.0 -1.5342940609366929e-09
[ 0.45 ] -1.0 1.0 -1.4564046779001115e-09
[ 0.45 ] -1.0 1.0 -1.3820358577505614e-09
[ 0.45 ] -1.0 1.0 -1.3110205741510053e-09
[ 0.45 ] -1.0 1.0 -1.2431781988895775e-09
[ 0.45 ] -1.0 1.0 -1.1783449447393654e-09
[ 0.45 ] -1.0 1.0 -1.116368500225473e-09
[ 0.45 ] -1.0 1.0 -1.0570947924075873e-09
[ 0.45 ] -1.0 1.0 -1.000386036255132e-09
[ 0.45 ] -1.0 1.0 -9.460945543023913e-10
[ 0.45 ] -1.0 1.0 -8.940983954624144e-10
[ 0.45 ] -1.0 1.0 -8.442686092742845e-10
[ 0.45 ] -1.0 1.0 -7.964824193728364e-10
[ 0.45 ] -1.0 1.0 -7.506273386054736e-10
[ 0.45 ] -1.0 1.0 -7.065893602379798e-10
[ 0.45 ] -1.0 1.0 -6.642636730348785e-10
[ 0.45 ] -1.0 1.0 -6.235473163055032e-10
[ 0.45 ] -1.0 1.0 -5.84342e-10
[ 0.45 ] -1.0 1.0 -5.465510765810075e-10
[ 0.45 ] -1.0 1.0 -5.100843094750795e-10
[ 0.45 ] -1.0 1.0 -4.748535333316836e-10
[ 0.45 ] -1.0 1.0 -4.4077287836318294e-10
[ 0.45 ] -1.0 1.0 -4.077607588444636e-10
[ 0.45 ] -1.0 1.0 -3.7573566272486383e-10
[ 0.45 ] -1.0 1.0 -3.4462019500283783e-10
[ 0.45 ] -1.0 1.0 -3.143407908579815e-10
[ 0.45 ] -1.0 1.0 -2.8482162391158976e-10
[ 0.45 ] -1.0 1.0 -2.559933066868575e-10
[ 0.45 ] -1.0 1.0 -2.2778496066093805e-10
[ 0.45 ] -1.0 1.0 -2.001279399648659e-10
[ 0.45 ] -1.0 1.0 -1.7295656879675924e-10
[ 0.45 ] -1.0 1.0 -1.462036744757081e-10
[ 0.45 ] -1.0 1.0 -1.1980506442972303e-10
[ 0.45 ] -1.0 1.0 -9.369642434333271e-11
[ 0.45 ] -1.0 1.0 -6.78149854681476e-11
[ 0.45 ] -1.0 1.0 -4.2097805724159644e-11
[ 0.45 ] -1.0 1.0 -1.64825695118713e-11
