[	5.78560e-01	5.78560e-01	5.78560e-01	5.78560e-01	5.78560e-01	]	-1.00000e+00	1.00000e+00	1.70502e+00
[	5.23330e-01	5.23330e-01	5.23330e-01	5.23330e-01	5.23330e-01	]	-9.47173e-01	1.00120e+00	1.70502e+00
[	4.71610e-01	4.71610e-01	4.71610e-01	4.71610e-01	4.71610e-01	]	-8.90900e-01	9.99427e-01	1.70827e+00
[	4.27250e-01	4.27250e-01	4.27250e-01	4.27250e-01	4.27250e-01	]	-8.35300e-01	9.94744e-01	1.71432e+00
[	3.86770e-01	3.86770e-01	3.86770e-01	3.86770e-01	3.86770e-01	]	-7.76209e-01	9.86753e-01	1.72280e+00
[	3.50070e-01	3.50070e-01	3.50070e-01	3.50070e-01	3.50070e-01	]	-7.12423e-01	9.74840e-01	1.73332e+00
[	3.17880e-01	3.17880e-01	3.17880e-01	3.17880e-01	3.17880e-01	]	-6.43522e-01	9.58377e-01	1.74551e+00
[	2.91340e-01	2.91340e-01	2.91340e-01	2.91340e-01	2.91340e-01	]	-5.69969e-01	9.36956e-01	1.75899e+00
[	2.71630e-01	2.71630e-01	2.71630e-01	2.71630e-01	2.71630e-01	]	-4.93163e-01	9.10645e-01	1.77340e+00
[	2.59380e-01	2.59380e-01	2.59380e-01	2.59380e-01	2.59380e-01	]	-4.15347e-01	8.80183e-01	1.78838e+00
[	2.54450e-01	2.54450e-01	2.54450e-01	2.54450e-01	2.54450e-01	]	-3.39333e-01	8.47001e-01	1.80362e+00
[	2.55830e-01	2.55830e-01	2.55830e-01	2.55830e-01	2.55830e-01	]	-2.68052e-01	8.13032e-01	1.81884e+00
[	2.61850e-01	2.61850e-01	2.61850e-01	2.61850e-01	2.61850e-01	]	-2.04034e-01	7.80332e-01	1.83380e+00
[	2.70650e-01	2.70650e-01	2.70650e-01	2.70650e-01	2.70650e-01	]	-1.49004e-01	7.50665e-01	1.84831e+00
[	2.80550e-01	2.80550e-01	2.80550e-01	2.80550e-01	2.80550e-01	]	-1.03694e-01	7.25216e-01	1.86223e+00
[	2.90320e-01	2.90320e-01	2.90320e-01	2.90320e-01	2.90320e-01	]	-6.79184e-02	7.04498e-01	1.87547e+00
[	2.99180e-01	2.99180e-01	2.99180e-01	2.99180e-01	2.99180e-01	]	-4.08190e-02	6.88452e-01	1.88796e+00
[	3.06810e-01	3.06810e-01	3.06810e-01	3.06810e-01	3.06810e-01	]	-2.11640e-02	6.76628e-01	1.89967e+00
[	3.13120e-01	3.13120e-01	3.13120e-01	3.13120e-01	3.13120e-01	]	-7.60756e-03	6.68384e-01	1.91060e+00
[	3.18240e-01	3.18240e-01	3.18240e-01	3.18240e-01	3.18240e-01	]	1.13273e-03	6.63031e-01	1.92074e+00
[	3.22310e-01	3.22310e-01	3.22310e-01	3.22310e-01	3.22310e-01	]	6.18126e-03	6.59926e-01	1.93014e+00
[	3.25530e-01	3.25530e-01	3.25530e-01	3.25530e-01	3.25530e-01	]	8.47051e-03	6.58514e-01	1.93880e+00
[	3.28060e-01	3.28060e-01	3.28060e-01	3.28060e-01	3.28060e-01	]	8.74465e-03	6.58345e-01	1.94677e+00
[	3.30060e-01	3.30060e-01	3.30060e-01	3.30060e-01	3.30060e-01	]	7.58166e-03	6.59062e-01	1.95409e+00
[	3.31640e-01	3.31640e-01	3.31640e-01	3.31640e-01	3.31640e-01	]	5.42164e-03	6.60394e-01	1.96080e+00
[	3.32890e-01	3.32890e-01	3.32890e-01	3.32890e-01	3.32890e-01	]	2.59469e-03	6.62133e-01	1.96693e+00
[	3.33880e-01	3.33880e-01	3.33880e-01	3.33880e-01	3.33880e-01	]	-6.54511e-04	6.64128e-01	1.97254e+00
[	3.34680e-01	3.34680e-01	3.34680e-01	3.34680e-01	3.34680e-01	]	-4.14661e-03	6.66268e-01	1.97764e+00
[	3.35320e-01	3.35320e-01	3.35320e-01	3.35320e-01	3.35320e-01	]	-7.75154e-03	6.68472e-01	1.98229e+00
[	3.35830e-01	3.35830e-01	3.35830e-01	3.35830e-01	3.35830e-01	]	-1.13761e-02	6.70683e-01	1.98652e+00
[	3.36240e-01	3.36240e-01	3.36240e-01	3.36240e-01	3.36240e-01	]	-1.49547e-02	6.72861e-01	1.99035e+00
[	3.36570e-01	3.36570e-01	3.36570e-01	3.36570e-01	3.36570e-01	]	-1.84421e-02	6.74979e-01	1.99383e+00
[	3.36830e-01	3.36830e-01	3.36830e-01	3.36830e-01	3.36830e-01	]	-2.18080e-02	6.77018e-01	1.99698e+00
[	3.37040e-01	3.37040e-01	3.37040e-01	3.37040e-01	3.37040e-01	]	-2.50334e-02	6.78968e-01	1.99982e+00
[	3.37200e-01	3.37200e-01	3.37200e-01	3.37200e-01	3.37200e-01	]	-2.81073e-02	6.80823e-01	2.00239e+00
[	3.37320e-01	3.37320e-01	3.37320e-01	3.37320e-01	3.37320e-01	]	-3.10248e-02	6.82579e-01	2.00470e+00
[	3.37410e-01	3.37410e-01	3.37410e-01	3.37410e-01	3.37410e-01	]	-3.37850e-02	6.84238e-01	2.00678e+00
[	3.37470e-01	3.37470e-01	3.37470e-01	3.37470e-01	3.37470e-01	]	-3.63904e-02	6.85801e-01	2.00865e+00
[	3.37500e-01	3.37500e-01	3.37500e-01	3.37500e-01	3.37500e-01	]	-3.88454e-02	6.87272e-01	2.01032e+00
[	3.37510e-01	3.37510e-01	3.37510e-01	3.37510e-01	3.37510e-01	]	-4.11559e-02	6.88653e-01	2.01181e+00
[	3.37500e-01	3.37500e-01	3.37500e-01	3.37500e-01	3.37500e-01	]	-4.33289e-02	6.89951e-01	2.01314e+00
[	3.37480e-01	3.37480e-01	3.37480e-01	3.37480e-01	3.37480e-01	]	-4.53717e-02	6.91169e-01	2.01433e+00
[	3.37430e-01	3.37430e-01	3.37430e-01	3.37430e-01	3.37430e-01	]	-4.72922e-02	6.92312e-01	2.01537e+00
[	3.37380e-01	3.37380e-01	3.37380e-01	3.37380e-01	3.37380e-01	]	-4.90981e-02	6.93386e-01	2.01629e+00
[	3.37310e-01	3.37310e-01	3.37310e-01	3.37310e-01	3.37310e-01	]	-5.07974e-02	6.94395e-01	2.01710e+00
[	3.37230e-01	3.37230e-01	3.37230e-01	3.37230e-01	3.37230e-01	]	-5.23975e-02	6.95345e-01	2.01781e+00
[	3.37140e-01	3.37140e-01	3.37140e-01	3.37140e-01	3.37140e-01	]	-5.39060e-02	6.96239e-01	2.01842e+00
[	3.37040e-01	3.37040e-01	3.37040e-01	3.37040e-01	3.37040e-01	]	-5.53298e-02	6.97082e-01	2.01895e+00
[	3.36930e-01	3.36930e-01	3.36930e-01	3.36930e-01	3.36930e-01	]	-5.66756e-02	6.97878e-01	2.01940e+00
[	3.36820e-01	3.36820e-01	3.36820e-01	3.36820e-01	3.36820e-01	]	-5.79500e-02	6.98631e-01	2.01977e+00
[	3.36700e-01	3.36700e-01	3.36700e-01	3.36700e-01	3.36700e-01	]	-5.91589e-02	6.99344e-01	2.02008e+00
[	3.36570e-01	3.36570e-01	3.36570e-01	3.36570e-01	3.36570e-01	]	-6.03079e-02	7.00022e-01	2.02033e+00
[	3.36430e-01	3.36430e-01	3.36430e-01	3.36430e-01	3.36430e-01	]	-6.14024e-02	7.00668e-01	2.02053e+00
[	3.36290e-01	3.36290e-01	3.36290e-01	3.36290e-01	3.36290e-01	]	-6.24473e-02	7.01283e-01	2.02068e+00
[	3.36140e-01	3.36140e-01	3.36140e-01	3.36140e-01	3.36140e-01	]	-6.34473e-02	7.01872e-01	2.02078e+00
[	3.35990e-01	3.35990e-01	3.35990e-01	3.35990e-01	3.35990e-01	]	-6.44065e-02	7.02436e-01	2.02083e+00
[	3.35840e-01	3.35840e-01	3.35840e-01	3.35840e-01	3.35840e-01	]	-6.53290e-02	7.02978e-01	2.02085e+00
[	3.35680e-01	3.35680e-01	3.35680e-01	3.35680e-01	3.35680e-01	]	-6.62184e-02	7.03501e-01	2.02084e+00
[	3.35510e-01	3.35510e-01	3.35510e-01	3.35510e-01	3.35510e-01	]	-6.70781e-02	7.04005e-01	2.02079e+00
[	3.35340e-01	3.35340e-01	3.35340e-01	3.35340e-01	3.35340e-01	]	-6.79113e-02	7.04494e-01	2.02071e+00
[	3.35170e-01	3.35170e-01	3.35170e-01	3.35170e-01	3.35170e-01	]	-6.87208e-02	7.04969e-01	2.02061e+00
[	3.35000e-01	3.35000e-01	3.35000e-01	3.35000e-01	3.35000e-01	]	-6.95092e-02	7.05431e-01	2.02048e+00
[	3.34820e-01	3.34820e-01	3.34820e-01	3.34820e-01	3.34820e-01	]	-7.02790e-02	7.05882e-01	2.02032e+00
[	3.34630e-01	3.34630e-01	3.34630e-01	3.34630e-01	3.34630e-01	]	-7.10324e-02	7.06323e-01	2.02015e+00
[	3.34450e-01	3.34450e-01	3.34450e-01	3.34450e-01	3.34450e-01	]	-7.17715e-02	7.06756e-01	2.01995e+00
[	3.34260e-01	3.34260e-01	3.34260e-01	3.34260e-01	3.34260e-01	]	-7.24981e-02	7.07180e-01	2.01974e+00
[	3.34060e-01	3.34060e-01	3.34060e-01	3.34060e-01	3.34060e-01	]	-7.32139e-02	7.07599e-01	2.01951e+00
[	3.33870e-01	3.33870e-01	3.33870e-01	3.33870e-01	3.33870e-01	]	-7.39205e-02	7.08012e-01	2.01926e+00
[	3.33670e-01	3.33670e-01	3.33670e-01	3.33670e-01	3.33670e-01	]	-7.46194e-02	7.08420e-01	2.01900e+00
[	3.33470e-01	3.33470e-01	3.33470e-01	3.33470e-01	3.33470e-01	]	-7.53117e-02	7.08824e-01	2.01873e+00
[	3.33270e-01	3.33270e-01	3.33270e-01	3.33270e-01	3.33270e-01	]	-7.59988e-02	7.09225e-01	2.01844e+00
[	3.33060e-01	3.33060e-01	3.33060e-01	3.33060e-01	3.33060e-01	]	-7.66817e-02	7.09623e-01	2.01814e+00
[	3.32850e-01	3.32850e-01	3.32850e-01	3.32850e-01	3.32850e-01	]	-7.73614e-02	7.10019e-01	2.01783e+00
[	3.32640e-01	3.32640e-01	3.32640e-01	3.32640e-01	3.32640e-01	]	-7.80388e-02	7.10414e-01	2.01751e+00
[	3.32420e-01	3.32420e-01	3.32420e-01	3.32420e-01	3.32420e-01	]	-7.87147e-02	7.10807e-01	2.01717e+00
[	3.32210e-01	3.32210e-01	3.32210e-01	3.32210e-01	3.32210e-01	]	-7.93898e-02	7.11200e-01	2.01683e+00
[	3.31990e-01	3.31990e-01	3.31990e-01	3.31990e-01	3.31990e-01	]	-8.00649e-02	7.11593e-01	2.01648e+00
[	3.31770e-01	3.31770e-01	3.31770e-01	3.31770e-01	3.31770e-01	]	-8.07405e-02	7.11986e-01	2.01612e+00
[	3.31540e-01	3.31540e-01	3.31540e-01	3.31540e-01	3.31540e-01	]	-8.14172e-02	7.12379e-01	2.01575e+00
[	3.31310e-01	3.31310e-01	3.31310e-01	3.31310e-01	3.31310e-01	]	-8.20956e-02	7.12773e-01	2.01537e+00
[	3.31090e-01	3.31090e-01	3.31090e-01	3.31090e-01	3.31090e-01	]	-8.27761e-02	7.13168e-01	2.01498e+00
[	3.30850e-01	3.30850e-01	3.30850e-01	3.30850e-01	3.30850e-01	]	-8.34591e-02	7.13564e-01	2.01459e+00
[	3.30620e-01	3.30620e-01	3.30620e-01	3.30620e-01	3.30620e-01	]	-8.41449e-02	7.13962e-01	2.01419e+00
[	3.30380e-01	3.30380e-01	3.30380e-01	3.30380e-01	3.30380e-01	]	-8.48341e-02	7.14361e-01	2.01378e+00
[	3.30140e-01	3.30140e-01	3.30140e-01	3.30140e-01	3.30140e-01	]	-8.55268e-02	7.14763e-01	2.01337e+00
[	3.29900e-01	3.29900e-01	3.29900e-01	3.29900e-01	3.29900e-01	]	-8.62234e-02	7.15166e-01	2.01295e+00
[	3.29660e-01	3.29660e-01	3.29660e-01	3.29660e-01	3.29660e-01	]	-8.69242e-02	7.15572e-01	2.01252e+00
[	3.29420e-01	3.29420e-01	3.29420e-01	3.29420e-01	3.29420e-01	]	-8.76293e-02	7.15980e-01	2.01208e+00
[	3.29170e-01	3.29170e-01	3.29170e-01	3.29170e-01	3.29170e-01	]	-8.83391e-02	7.16390e-01	2.01164e+00
[	3.28920e-01	3.28920e-01	3.28920e-01	3.28920e-01	3.28920e-01	]	-8.90537e-02	7.16803e-01	2.01119e+00
[	3.28670e-01	3.28670e-01	3.28670e-01	3.28670e-01	3.28670e-01	]	-8.97733e-02	7.17219e-01	2.01074e+00
[	3.28410e-01	3.28410e-01	3.28410e-01	3.28410e-01	3.28410e-01	]	-9.04981e-02	7.17637e-01	2.01028e+00
[	3.28150e-01	3.28150e-01	3.28150e-01	3.28150e-01	3.28150e-01	]	-9.12283e-02	7.18058e-01	2.00982e+00
[	3.27900e-01	3.27900e-01	3.27900e-01	3.27900e-01	3.27900e-01	]	-9.19640e-02	7.18483e-01	2.00935e+00
[	3.27630e-01	3.27630e-01	3.27630e-01	3.27630e-01	3.27630e-01	]	-9.27054e-02	7.18910e-01	2.00887e+00
[	3.27370e-01	3.27370e-01	3.27370e-01	3.27370e-01	3.27370e-01	]	-9.34525e-02	7.19340e-01	2.00838e+00
[	3.27110e-01	3.27110e-01	3.27110e-01	3.27110e-01	3.27110e-01	]	-9.42055e-02	7.19774e-01	2.00790e+00
[	3.26840e-01	3.26840e-01	3.26840e-01	3.26840e-01	3.26840e-01	]	-9.49646e-02	7.20211e-01	2.00740e+00
[	3.26570e-01	3.26570e-01	3.26570e-01	3.26570e-01	3.26570e-01	]	-9.57298e-02	7.20651e-01	2.00690e+00
[	3.26300e-01	3.26300e-01	3.26300e-01	3.26300e-01	3.26300e-01	]	-9.65012e-02	7.21094e-01	2.00639e+00
[	3.26020e-01	3.26020e-01	3.26020e-01	3.26020e-01	3.26020e-01	]	-9.72789e-02	7.21541e-01	2.00588e+00
[	3.25740e-01	3.25740e-01	3.25740e-01	3.25740e-01	3.25740e-01	]	-9.80631e-02	7.21991e-01	2.00536e+00
[	3.25460e-01	3.25460e-01	3.25460e-01	3.25460e-01	3.25460e-01	]	-9.88538e-02	7.22445e-01	2.00484e+00
[	3.25180e-01	3.25180e-01	3.25180e-01	3.25180e-01	3.25180e-01	]	-9.96510e-02	7.22902e-01	2.00431e+00
[	3.24900e-01	3.24900e-01	3.24900e-01	3.24900e-01	3.24900e-01	]	-1.00455e-01	7.23363e-01	2.00377e+00
[	3.24610e-01	3.24610e-01	3.24610e-01	3.24610e-01	3.24610e-01	]	-1.01266e-01	7.23827e-01	2.00323e+00
[	3.24330e-01	3.24330e-01	3.24330e-01	3.24330e-01	3.24330e-01	]	-1.02083e-01	7.24295e-01	2.00269e+00
[	3.24040e-01	3.24040e-01	3.24040e-01	3.24040e-01	3.24040e-01	]	-1.02908e-01	7.24766e-01	2.00213e+00
[	3.23740e-01	3.23740e-01	3.23740e-01	3.23740e-01	3.23740e-01	]	-1.03739e-01	7.25242e-01	2.00157e+00
[	3.23450e-01	3.23450e-01	3.23450e-01	3.23450e-01	3.23450e-01	]	-1.04577e-01	7.25721e-01	2.00101e+00
[	3.23150e-01	3.23150e-01	3.23150e-01	3.23150e-01	3.23150e-01	]	-1.05423e-01	7.26203e-01	2.00044e+00
[	3.22850e-01	3.22850e-01	3.22850e-01	3.22850e-01	3.22850e-01	]	-1.06275e-01	7.26690e-01	1.99986e+00
[	3.22550e-01	3.22550e-01	3.22550e-01	3.22550e-01	3.22550e-01	]	-1.07135e-01	7.27180e-01	1.99928e+00
[	3.22250e-01	3.22250e-01	3.22250e-01	3.22250e-01	3.22250e-01	]	-1.08003e-01	7.27674e-01	1.99869e+00
[	3.21940e-01	3.21940e-01	3.21940e-01	3.21940e-01	3.21940e-01	]	-1.08877e-01	7.28172e-01	1.99809e+00
[	3.21630e-01	3.21630e-01	3.21630e-01	3.21630e-01	3.21630e-01	]	-1.09759e-01	7.28674e-01	1.99749e+00
[	3.21320e-01	3.21320e-01	3.21320e-01	3.21320e-01	3.21320e-01	]	-1.10648e-01	7.29180e-01	1.99688e+00
[	3.21010e-01	3.21010e-01	3.21010e-01	3.21010e-01	3.21010e-01	]	-1.11545e-01	7.29690e-01	1.99627e+00
[	3.20690e-01	3.20690e-01	3.20690e-01	3.20690e-01	3.20690e-01	]	-1.12450e-01	7.30204e-01	1.99564e+00
[	3.20370e-01	3.20370e-01	3.20370e-01	3.20370e-01	3.20370e-01	]	-1.13362e-01	7.30721e-01	1.99502e+00
[	3.20050e-01	3.20050e-01	3.20050e-01	3.20050e-01	3.20050e-01	]	-1.14282e-01	7.31243e-01	1.99438e+00
[	3.19730e-01	3.19730e-01	3.19730e-01	3.19730e-01	3.19730e-01	]	-1.15210e-01	7.31769e-01	1.99374e+00
[	3.19410e-01	3.19410e-01	3.19410e-01	3.19410e-01	3.19410e-01	]	-1.16145e-01	7.32299e-01	1.99310e+00
[	3.19080e-01	3.19080e-01	3.19080e-01	3.19080e-01	3.19080e-01	]	-1.17089e-01	7.32833e-01	1.99244e+00
[	3.18750e-01	3.18750e-01	3.18750e-01	3.18750e-01	3.18750e-01	]	-1.18040e-01	7.33371e-01	1.99178e+00
[	3.18420e-01	3.18420e-01	3.18420e-01	3.18420e-01	3.18420e-01	]	-1.19000e-01	7.33913e-01	1.99111e+00
[	3.18080e-01	3.18080e-01	3.18080e-01	3.18080e-01	3.18080e-01	]	-1.19967e-01	7.34459e-01	1.99044e+00
[	3.17750e-01	3.17750e-01	3.17750e-01	3.17750e-01	3.17750e-01	]	-1.20943e-01	7.35010e-01	1.98976e+00
[	3.17410e-01	3.17410e-01	3.17410e-01	3.17410e-01	3.17410e-01	]	-1.21926e-01	7.35565e-01	1.98907e+00
[	3.17070e-01	3.17070e-01	3.17070e-01	3.17070e-01	3.17070e-01	]	-1.22918e-01	7.36123e-01	1.98838e+00
[	3.16720e-01	3.16720e-01	3.16720e-01	3.16720e-01	3.16720e-01	]	-1.23919e-01	7.36687e-01	1.98767e+00
[	3.16380e-01	3.16380e-01	3.16380e-01	3.16380e-01	3.16380e-01	]	-1.24927e-01	7.37254e-01	1.98696e+00
[	3.16030e-01	3.16030e-01	3.16030e-01	3.16030e-01	3.16030e-01	]	-1.25945e-01	7.37826e-01	1.98625e+00
[	3.15680e-01	3.15680e-01	3.15680e-01	3.15680e-01	3.15680e-01	]	-1.26970e-01	7.38402e-01	1.98552e+00
[	3.15320e-01	3.15320e-01	3.15320e-01	3.15320e-01	3.15320e-01	]	-1.28004e-01	7.38982e-01	1.98479e+00
[	3.14970e-01	3.14970e-01	3.14970e-01	3.14970e-01	3.14970e-01	]	-1.29047e-01	7.39567e-01	1.98405e+00
[	3.14610e-01	3.14610e-01	3.14610e-01	3.14610e-01	3.14610e-01	]	-1.30099e-01	7.40156e-01	1.98330e+00
[	3.14250e-01	3.14250e-01	3.14250e-01	3.14250e-01	3.14250e-01	]	-1.31159e-01	7.40750e-01	1.98255e+00
[	3.13890e-01	3.13890e-01	3.13890e-01	3.13890e-01	3.13890e-01	]	-1.32228e-01	7.41348e-01	1.98179e+00
[	3.13520e-01	3.13520e-01	3.13520e-01	3.13520e-01	3.13520e-01	]	-1.33306e-01	7.41950e-01	1.98102e+00
[	3.13150e-01	3.13150e-01	3.13150e-01	3.13150e-01	3.13150e-01	]	-1.34392e-01	7.42557e-01	1.98024e+00
[	3.12780e-01	3.12780e-01	3.12780e-01	3.12780e-01	3.12780e-01	]	-1.35488e-01	7.43168e-01	1.97945e+00
[	3.12410e-01	3.12410e-01	3.12410e-01	3.12410e-01	3.12410e-01	]	-1.36593e-01	7.43784e-01	1.97866e+00
[	3.12030e-01	3.12030e-01	3.12030e-01	3.12030e-01	3.12030e-01	]	-1.37707e-01	7.44404e-01	1.97785e+00
[	3.11650e-01	3.11650e-01	3.11650e-01	3.11650e-01	3.11650e-01	]	-1.38830e-01	7.45029e-01	1.97704e+00
[	3.11270e-01	3.11270e-01	3.11270e-01	3.11270e-01	3.11270e-01	]	-1.39962e-01	7.45659e-01	1.97622e+00
[	3.10890e-01	3.10890e-01	3.10890e-01	3.10890e-01	3.10890e-01	]	-1.41104e-01	7.46293e-01	1.97540e+00
[	3.10500e-01	3.10500e-01	3.10500e-01	3.10500e-01	3.10500e-01	]	-1.42255e-01	7.46932e-01	1.97456e+00
[	3.10120e-01	3.10120e-01	3.10120e-01	3.10120e-01	3.10120e-01	]	-1.43416e-01	7.47575e-01	1.97371e+00
[	3.09730e-01	3.09730e-01	3.09730e-01	3.09730e-01	3.09730e-01	]	-1.44586e-01	7.48224e-01	1.97286e+00
[	3.09330e-01	3.09330e-01	3.09330e-01	3.09330e-01	3.09330e-01	]	-1.45766e-01	7.48876e-01	1.97199e+00
[	3.08940e-01	3.08940e-01	3.08940e-01	3.08940e-01	3.08940e-01	]	-1.46956e-01	7.49534e-01	1.97112e+00
[	3.08540e-01	3.08540e-01	3.08540e-01	3.08540e-01	3.08540e-01	]	-1.48155e-01	7.50197e-01	1.97024e+00
[	3.08130e-01	3.08130e-01	3.08130e-01	3.08130e-01	3.08130e-01	]	-1.49364e-01	7.50864e-01	1.96935e+00
[	3.07730e-01	3.07730e-01	3.07730e-01	3.07730e-01	3.07730e-01	]	-1.50584e-01	7.51536e-01	1.96845e+00
[	3.07320e-01	3.07320e-01	3.07320e-01	3.07320e-01	3.07320e-01	]	-1.51813e-01	7.52213e-01	1.96754e+00
[	3.06910e-01	3.06910e-01	3.06910e-01	3.06910e-01	3.06910e-01	]	-1.53053e-01	7.52895e-01	1.96662e+00
[	3.06500e-01	3.06500e-01	3.06500e-01	3.06500e-01	3.06500e-01	]	-1.54302e-01	7.53582e-01	1.96569e+00
[	3.06090e-01	3.06090e-01	3.06090e-01	3.06090e-01	3.06090e-01	]	-1.55563e-01	7.54274e-01	1.96475e+00
[	3.05670e-01	3.05670e-01	3.05670e-01	3.05670e-01	3.05670e-01	]	-1.56833e-01	7.54971e-01	1.96380e+00
[	3.05250e-01	3.05250e-01	3.05250e-01	3.05250e-01	3.05250e-01	]	-1.58115e-01	7.55673e-01	1.96284e+00
[	3.04830e-01	3.04830e-01	3.04830e-01	3.04830e-01	3.04830e-01	]	-1.59407e-01	7.56380e-01	1.96187e+00
[	3.04400e-01	3.04400e-01	3.04400e-01	3.04400e-01	3.04400e-01	]	-1.60710e-01	7.57092e-01	1.96089e+00
[	3.03970e-01	3.03970e-01	3.03970e-01	3.03970e-01	3.03970e-01	]	-1.62024e-01	7.57810e-01	1.95990e+00
[	3.03540e-01	3.03540e-01	3.03540e-01	3.03540e-01	3.03540e-01	]	-1.63350e-01	7.58533e-01	1.95890e+00
[	3.03110e-01	3.03110e-01	3.03110e-01	3.03110e-01	3.03110e-01	]	-1.64687e-01	7.59261e-01	1.95789e+00
[	3.02670e-01	3.02670e-01	3.02670e-01	3.02670e-01	3.02670e-01	]	-1.66035e-01	7.59995e-01	1.95686e+00
[	3.02230e-01	3.02230e-01	3.02230e-01	3.02230e-01	3.02230e-01	]	-1.67396e-01	7.60735e-01	1.95583e+00
[	3.01790e-01	3.01790e-01	3.01790e-01	3.01790e-01	3.01790e-01	]	-1.68768e-01	7.61480e-01	1.95478e+00
[	3.01350e-01	3.01350e-01	3.01350e-01	3.01350e-01	3.01350e-01	]	-1.70153e-01	7.62231e-01	1.95373e+00
[	3.00900e-01	3.00900e-01	3.00900e-01	3.00900e-01	3.00900e-01	]	-1.71550e-01	7.62988e-01	1.95266e+00
[	3.00450e-01	3.00450e-01	3.00450e-01	3.00450e-01	3.00450e-01	]	-1.72960e-01	7.63751e-01	1.95158e+00
[	2.99990e-01	2.99990e-01	2.99990e-01	2.99990e-01	2.99990e-01	]	-1.74383e-01	7.64520e-01	1.95049e+00
[	2.99540e-01	2.99540e-01	2.99540e-01	2.99540e-01	2.99540e-01	]	-1.75820e-01	7.65296e-01	1.94938e+00
[	2.99080e-01	2.99080e-01	2.99080e-01	2.99080e-01	2.99080e-01	]	-1.77270e-01	7.66077e-01	1.94827e+00
[	2.98620e-01	2.98620e-01	2.98620e-01	2.98620e-01	2.98620e-01	]	-1.78734e-01	7.66866e-01	1.94714e+00
[	2.98150e-01	2.98150e-01	2.98150e-01	2.98150e-01	2.98150e-01	]	-1.80213e-01	7.67661e-01	1.94600e+00
[	2.97680e-01	2.97680e-01	2.97680e-01	2.97680e-01	2.97680e-01	]	-1.81707e-01	7.68464e-01	1.94485e+00
[	2.97210e-01	2.97210e-01	2.97210e-01	2.97210e-01	2.97210e-01	]	-1.83216e-01	7.69273e-01	1.94368e+00
[	2.96740e-01	2.96740e-01	2.96740e-01	2.96740e-01	2.96740e-01	]	-1.84741e-01	7.70090e-01	1.94250e+00
[	2.96260e-01	2.96260e-01	2.96260e-01	2.96260e-01	2.96260e-01	]	-1.86283e-01	7.70915e-01	1.94131e+00
[	2.95780e-01	2.95780e-01	2.95780e-01	2.95780e-01	2.95780e-01	]	-1.87841e-01	7.71747e-01	1.94011e+00
[	2.95300e-01	2.95300e-01	2.95300e-01	2.95300e-01	2.95300e-01	]	-1.89416e-01	7.72588e-01	1.93890e+00
[	2.94810e-01	2.94810e-01	2.94810e-01	2.94810e-01	2.94810e-01	]	-1.91009e-01	7.73436e-01	1.93767e+00
[	2.94330e-01	2.94330e-01	2.94330e-01	2.94330e-01	2.94330e-01	]	-1.92620e-01	7.74294e-01	1.93643e+00
[	2.93840e-01	2.93840e-01	2.93840e-01	2.93840e-01	2.93840e-01	]	-1.94250e-01	7.75160e-01	1.93517e+00
[	2.93340e-01	2.93340e-01	2.93340e-01	2.93340e-01	2.93340e-01	]	-1.95899e-01	7.76034e-01	1.93391e+00
[	2.92850e-01	2.92850e-01	2.92850e-01	2.92850e-01	2.92850e-01	]	-1.97567e-01	7.76918e-01	1.93263e+00
[	2.92350e-01	2.92350e-01	2.92350e-01	2.92350e-01	2.92350e-01	]	-1.99255e-01	7.77811e-01	1.93134e+00
[	2.91850e-01	2.91850e-01	2.91850e-01	2.91850e-01	2.91850e-01	]	-2.00963e-01	7.78713e-01	1.93004e+00
[	2.91350e-01	2.91350e-01	2.91350e-01	2.91350e-01	2.91350e-01	]	-2.02690e-01	7.79624e-01	1.92872e+00
[	2.90840e-01	2.90840e-01	2.90840e-01	2.90840e-01	2.90840e-01	]	-2.04438e-01	7.80544e-01	1.92739e+00
[	2.90340e-01	2.90340e-01	2.90340e-01	2.90340e-01	2.90340e-01	]	-2.06205e-01	7.81473e-01	1.92606e+00
[	2.89830e-01	2.89830e-01	2.89830e-01	2.89830e-01	2.89830e-01	]	-2.07992e-01	7.82411e-01	1.92470e+00
[	2.89320e-01	2.89320e-01	2.89320e-01	2.89320e-01	2.89320e-01	]	-2.09797e-01	7.83357e-01	1.92334e+00
[	2.88810e-01	2.88810e-01	2.88810e-01	2.88810e-01	2.88810e-01	]	-2.11619e-01	7.84310e-01	1.92197e+00
[	2.88300e-01	2.88300e-01	2.88300e-01	2.88300e-01	2.88300e-01	]	-2.13458e-01	7.85270e-01	1.92059e+00
[	2.87790e-01	2.87790e-01	2.87790e-01	2.87790e-01	2.87790e-01	]	-2.15310e-01	7.86236e-01	1.91920e+00
[	2.87280e-01	2.87280e-01	2.87280e-01	2.87280e-01	2.87280e-01	]	-2.17174e-01	7.87206e-01	1.91780e+00
[	2.86770e-01	2.86770e-01	2.86770e-01	2.86770e-01	2.86770e-01	]	-2.19047e-01	7.88179e-01	1.91639e+00
[	2.86260e-01	2.86260e-01	2.86260e-01	2.86260e-01	2.86260e-01	]	-2.20926e-01	7.89154e-01	1.91497e+00
[	2.85750e-01	2.85750e-01	2.85750e-01	2.85750e-01	2.85750e-01	]	-2.22806e-01	7.90127e-01	1.91354e+00
[	2.85240e-01	2.85240e-01	2.85240e-01	2.85240e-01	2.85240e-01	]	-2.24682e-01	7.91097e-01	1.91211e+00
[	2.84740e-01	2.84740e-01	2.84740e-01	2.84740e-01	2.84740e-01	]	-2.26548e-01	7.92060e-01	1.91067e+00
[	2.84230e-01	2.84230e-01	2.84230e-01	2.84230e-01	2.84230e-01	]	-2.28398e-01	7.93013e-01	1.90922e+00
[	2.83730e-01	2.83730e-01	2.83730e-01	2.83730e-01	2.83730e-01	]	-2.30224e-01	7.93952e-01	1.90777e+00
[	2.83230e-01	2.83230e-01	2.83230e-01	2.83230e-01	2.83230e-01	]	-2.32018e-01	7.94872e-01	1.90631e+00
[	2.82730e-01	2.82730e-01	2.82730e-01	2.82730e-01	2.82730e-01	]	-2.33769e-01	7.95770e-01	1.90485e+00
[	2.82240e-01	2.82240e-01	2.82240e-01	2.82240e-01	2.82240e-01	]	-2.35467e-01	7.96638e-01	1.90338e+00
[	2.81740e-01	2.81740e-01	2.81740e-01	2.81740e-01	2.81740e-01	]	-2.37100e-01	7.97472e-01	1.90190e+00
[	2.81250e-01	2.81250e-01	2.81250e-01	2.81250e-01	2.81250e-01	]	-2.38654e-01	7.98265e-01	1.90042e+00
[	2.80770e-01	2.80770e-01	2.80770e-01	2.80770e-01	2.80770e-01	]	-2.40115e-01	7.99009e-01	1.89893e+00
[	2.80280e-01	2.80280e-01	2.80280e-01	2.80280e-01	2.80280e-01	]	-2.41467e-01	7.99696e-01	1.89743e+00
[	2.79790e-01	2.79790e-01	2.79790e-01	2.79790e-01	2.79790e-01	]	-2.42693e-01	8.00319e-01	1.89592e+00
[	2.79300e-01	2.79300e-01	2.79300e-01	2.79300e-01	2.79300e-01	]	-2.43777e-01	8.00869e-01	1.89440e+00
[	2.78810e-01	2.78810e-01	2.78810e-01	2.78810e-01	2.78810e-01	]	-2.44698e-01	8.01336e-01	1.89286e+00
[	2.78320e-01	2.78320e-01	2.78320e-01	2.78320e-01	2.78320e-01	]	-2.45438e-01	8.01711e-01	1.89131e+00
[	2.77830e-01	2.77830e-01	2.77830e-01	2.77830e-01	2.77830e-01	]	-2.45976e-01	8.01983e-01	1.88973e+00
[	2.77320e-01	2.77320e-01	2.77320e-01	2.77320e-01	2.77320e-01	]	-2.46291e-01	8.02142e-01	1.88812e+00
[	2.76820e-01	2.76820e-01	2.76820e-01	2.76820e-01	2.76820e-01	]	-2.46362e-01	8.02178e-01	1.88648e+00
[	2.76300e-01	2.76300e-01	2.76300e-01	2.76300e-01	2.76300e-01	]	-2.46168e-01	8.02080e-01	1.88480e+00
[	2.75760e-01	2.75760e-01	2.75760e-01	2.75760e-01	2.75760e-01	]	-2.45689e-01	8.01838e-01	1.88306e+00
[	2.75220e-01	2.75220e-01	2.75220e-01	2.75220e-01	2.75220e-01	]	-2.44904e-01	8.01440e-01	1.88127e+00
[	2.74650e-01	2.74650e-01	2.74650e-01	2.74650e-01	2.74650e-01	]	-2.43793e-01	8.00877e-01	1.87940e+00
[	2.74070e-01	2.74070e-01	2.74070e-01	2.74070e-01	2.74070e-01	]	-2.42339e-01	8.00139e-01	1.87745e+00
[	2.73460e-01	2.73460e-01	2.73460e-01	2.73460e-01	2.73460e-01	]	-2.40527e-01	7.99218e-01	1.87540e+00
[	2.72830e-01	2.72830e-01	2.72830e-01	2.72830e-01	2.72830e-01	]	-2.38342e-01	7.98106e-01	1.87323e+00
[	2.72170e-01	2.72170e-01	2.72170e-01	2.72170e-01	2.72170e-01	]	-2.35775e-01	7.96795e-01	1.87092e+00
[	2.71480e-01	2.71480e-01	2.71480e-01	2.71480e-01	2.71480e-01	]	-2.32819e-01	7.95283e-01	1.86846e+00
[	2.70750e-01	2.70750e-01	2.70750e-01	2.70750e-01	2.70750e-01	]	-2.29473e-01	7.93565e-01	1.86582e+00
[	2.69980e-01	2.69980e-01	2.69980e-01	2.69980e-01	2.69980e-01	]	-2.25741e-01	7.91643e-01	1.86298e+00
[	2.69160e-01	2.69160e-01	2.69160e-01	2.69160e-01	2.69160e-01	]	-2.21634e-01	7.89521e-01	1.85990e+00
[	2.68300e-01	2.68300e-01	2.68300e-01	2.68300e-01	2.68300e-01	]	-2.17174e-01	7.87206e-01	1.85656e+00
[	2.67370e-01	2.67370e-01	2.67370e-01	2.67370e-01	2.67370e-01	]	-2.12389e-01	7.84712e-01	1.85292e+00
[	2.66380e-01	2.66380e-01	2.66380e-01	2.66380e-01	2.66380e-01	]	-2.07323e-01	7.82060e-01	1.84896e+00
[	2.65310e-01	2.65310e-01	2.65310e-01	2.65310e-01	2.65310e-01	]	-2.02034e-01	7.79278e-01	1.84463e+00
[	2.64150e-01	2.64150e-01	2.64150e-01	2.64150e-01	2.64150e-01	]	-1.96598e-01	7.76405e-01	1.83989e+00
[	2.62890e-01	2.62890e-01	2.62890e-01	2.62890e-01	2.62890e-01	]	-1.91114e-01	7.73493e-01	1.83471e+00
[	2.61490e-01	2.61490e-01	2.61490e-01	2.61490e-01	2.61490e-01	]	-1.85709e-01	7.70608e-01	1.82903e+00
[	2.59940e-01	2.59940e-01	2.59940e-01	2.59940e-01	2.59940e-01	]	-1.80541e-01	7.67837e-01	1.82281e+00
[	2.58190e-01	2.58190e-01	2.58190e-01	2.58190e-01	2.58190e-01	]	-1.75809e-01	7.65290e-01	1.81601e+00
[	2.56210e-01	2.56210e-01	2.56210e-01	2.56210e-01	2.56210e-01	]	-1.71759e-01	7.63101e-01	1.80857e+00
[	2.53960e-01	2.53960e-01	2.53960e-01	2.53960e-01	2.53960e-01	]	-1.68692e-01	7.61439e-01	1.80045e+00
[	2.51360e-01	2.51360e-01	2.51360e-01	2.51360e-01	2.51360e-01	]	-1.66973e-01	7.60505e-01	1.79161e+00
[	2.48380e-01	2.48380e-01	2.48380e-01	2.48380e-01	2.48380e-01	]	-1.67034e-01	7.60538e-01	1.78200e+00
[	2.44950e-01	2.44950e-01	2.44950e-01	2.44950e-01	2.44950e-01	]	-1.69382e-01	7.61813e-01	1.77158e+00
[	2.41020e-01	2.41020e-01	2.41020e-01	2.41020e-01	2.41020e-01	]	-1.74589e-01	7.64631e-01	1.76031e+00
[	2.36600e-01	2.36600e-01	2.36600e-01	2.36600e-01	2.36600e-01	]	-1.83278e-01	7.69307e-01	1.74817e+00
[	2.31710e-01	2.31710e-01	2.31710e-01	2.31710e-01	2.31710e-01	]	-1.96092e-01	7.76137e-01	1.73513e+00
[	2.26480e-01	2.26480e-01	2.26480e-01	2.26480e-01	2.26480e-01	]	-2.13636e-01	7.85363e-01	1.72120e+00
[	2.21150e-01	2.21150e-01	2.21150e-01	2.21150e-01	2.21150e-01	]	-2.36409e-01	7.97119e-01	1.70639e+00
[	2.16080e-01	2.16080e-01	2.16080e-01	2.16080e-01	2.16080e-01	]	-2.64705e-01	8.11373e-01	1.69072e+00
[	2.11780e-01	2.11780e-01	2.11780e-01	2.11780e-01	2.11780e-01	]	-2.98530e-01	8.27881e-01	1.67425e+00
[	2.08870e-01	2.08870e-01	2.08870e-01	2.08870e-01	2.08870e-01	]	-3.37518e-01	8.46169e-01	1.65705e+00
[	2.07970e-01	2.07970e-01	2.07970e-01	2.07970e-01	2.07970e-01	]	-3.80914e-01	8.65556e-01	1.63924e+00
[	2.09640e-01	2.09640e-01	2.09640e-01	2.09640e-01	2.09640e-01	]	-4.27605e-01	8.85224e-01	1.62093e+00
[	2.14270e-01	2.14270e-01	2.14270e-01	2.14270e-01	2.14270e-01	]	-4.76224e-01	9.04330e-01	1.60227e+00
[	2.21920e-01	2.21920e-01	2.21920e-01	2.21920e-01	2.21920e-01	]	-5.25297e-01	9.22124e-01	1.58344e+00
[	2.32360e-01	2.32360e-01	2.32360e-01	2.32360e-01	2.32360e-01	]	-5.73404e-01	9.38041e-01	1.56463e+00
[	2.45080e-01	2.45080e-01	2.45080e-01	2.45080e-01	2.45080e-01	]	-6.19313e-01	9.51752e-01	1.54603e+00
[	2.59370e-01	2.59370e-01	2.59370e-01	2.59370e-01	2.59370e-01	]	-6.62069e-01	9.63163e-01	1.52784e+00
[	2.74470e-01	2.74470e-01	2.74470e-01	2.74470e-01	2.74470e-01	]	-7.01028e-01	9.72369e-01	1.51025e+00
[	2.89610e-01	2.89610e-01	2.89610e-01	2.89610e-01	2.89610e-01	]	-7.35841e-01	9.79597e-01	1.49343e+00
[	3.04180e-01	3.04180e-01	3.04180e-01	3.04180e-01	3.04180e-01	]	-7.66411e-01	9.85140e-01	1.47757e+00
[	3.17690e-01	3.17690e-01	3.17690e-01	3.17690e-01	3.17690e-01	]	-7.92830e-01	9.89305e-01	1.46281e+00
[	3.29830e-01	3.29830e-01	3.29830e-01	3.29830e-01	3.29830e-01	]	-8.15318e-01	9.92381e-01	1.44929e+00
[	3.40430e-01	3.40430e-01	3.40430e-01	3.40430e-01	3.40430e-01	]	-8.34168e-01	9.94620e-01	1.43711e+00
[	3.40430e-01	3.40430e-01	3.40430e-01	3.40430e-01	3.40430e-01	]	-8.34168e-01	9.94620e-01	1.43711e+00
[	3.29830e-01	3.29830e-01	3.29830e-01	3.29830e-01	3.29830e-01	]	-8.15318e-01	9.92381e-01	1.44929e+00
[	3.17690e-01	3.17690e-01	3.17690e-01	3.17690e-01	3.17690e-01	]	-7.92830e-01	9.89305e-01	1.46281e+00
[	3.04180e-01	3.04180e-01	3.04180e-01	3.04180e-01	3.04180e-01	]	-7.66411e-01	9.85140e-01	1.47757e+00
[	2.89610e-01	2.89610e-01	2.89610e-01	2.89610e-01	2.89610e-01	]	-7.35841e-01	9.79597e-01	1.49343e+00
[	2.74470e-01	2.74470e-01	2.74470e-01	2.74470e-01	2.74470e-01	]	-7.01028e-01	9.72369e-01	1.51025e+00
[	2.59370e-01	2.59370e-01	2.59370e-01	2.59370e-01	2.59370e-01	]	-6.62069e-01	9.63163e-01	1.52784e+00
[	2.45080e-01	2.45080e-01	2.45080e-01	2.45080e-01	2.45080e-01	]	-6.19313e-01	9.51752e-01	1.54603e+00
[	2.32360e-01	2.32360e-01	2.32360e-01	2.32360e-01	2.32360e-01	]	-5.73404e-01	9.38041e-01	1.56463e+00
[	2.21920e-01	2.21920e-01	2.21920e-01	2.21920e-01	2.21920e-01	]	-5.25297e-01	9.22124e-01	1.58344e+00
[	2.14270e-01	2.14270e-01	2.14270e-01	2.14270e-01	2.14270e-01	]	-4.76224e-01	9.04330e-01	1.60227e+00
[	2.09640e-01	2.09640e-01	2.09640e-01	2.09640e-01	2.09640e-01	]	-4.27605e-01	8.85224e-01	1.62093e+00
[	2.07970e-01	2.07970e-01	2.07970e-01	2.07970e-01	2.07970e-01	]	-3.80914e-01	8.65556e-01	1.63924e+00
[	2.08870e-01	2.08870e-01	2.08870e-01	2.08870e-01	2.08870e-01	]	-3.37518e-01	8.46169e-01	1.65705e+00
[	2.11780e-01	2.11780e-01	2.11780e-01	2.11780e-01	2.11780e-01	]	-2.98530e-01	8.27881e-01	1.67425e+00
[	2.16080e-01	2.16080e-01	2.16080e-01	2.16080e-01	2.16080e-01	]	-2.64705e-01	8.11373e-01	1.69072e+00
[	2.21150e-01	2.21150e-01	2.21150e-01	2.21150e-01	2.21150e-01	]	-2.36409e-01	7.97119e-01	1.70639e+00
[	2.26480e-01	2.26480e-01	2.26480e-01	2.26480e-01	2.26480e-01	]	-2.13636e-01	7.85363e-01	1.72120e+00
[	2.31710e-01	2.31710e-01	2.31710e-01	2.31710e-01	2.31710e-01	]	-1.96092e-01	7.76137e-01	1.73513e+00
[	2.36600e-01	2.36600e-01	2.36600e-01	2.36600e-01	2.36600e-01	]	-1.83278e-01	7.69307e-01	1.74817e+00
[	2.41020e-01	2.41020e-01	2.41020e-01	2.41020e-01	2.41020e-01	]	-1.74589e-01	7.64631e-01	1.76031e+00
[	2.44950e-01	2.44950e-01	2.44950e-01	2.44950e-01	2.44950e-01	]	-1.69382e-01	7.61813e-01	1.77158e+00
[	2.48380e-01	2.48380e-01	2.48380e-01	2.48380e-01	2.48380e-01	]	-1.67034e-01	7.60538e-01	1.78200e+00
[	2.51360e-01	2.51360e-01	2.51360e-01	2.51360e-01	2.51360e-01	]	-1.66973e-01	7.60505e-01	1.79161e+00
[	2.53960e-01	2.53960e-01	2.53960e-01	2.53960e-01	2.53960e-01	]	-1.68692e-01	7.61439e-01	1.80045e+00
[	2.56210e-01	2.56210e-01	2.56210e-01	2.56210e-01	2.56210e-01	]	-1.71759e-01	7.63101e-01	1.80857e+00
[	2.58190e-01	2.58190e-01	2.58190e-01	2.58190e-01	2.58190e-01	]	-1.75809e-01	7.65290e-01	1.81601e+00
[	2.59940e-01	2.59940e-01	2.59940e-01	2.59940e-01	2.59940e-01	]	-1.80541e-01	7.67837e-01	1.82281e+00
[	2.61490e-01	2.61490e-01	2.61490e-01	2.61490e-01	2.61490e-01	]	-1.85709e-01	7.70608e-01	1.82903e+00
[	2.62890e-01	2.62890e-01	2.62890e-01	2.62890e-01	2.62890e-01	]	-1.91114e-01	7.73493e-01	1.83471e+00
[	2.64150e-01	2.64150e-01	2.64150e-01	2.64150e-01	2.64150e-01	]	-1.96598e-01	7.76405e-01	1.83989e+00
[	2.65310e-01	2.65310e-01	2.65310e-01	2.65310e-01	2.65310e-01	]	-2.02034e-01	7.79278e-01	1.84463e+00
[	2.66380e-01	2.66380e-01	2.66380e-01	2.66380e-01	2.66380e-01	]	-2.07323e-01	7.82060e-01	1.84896e+00
[	2.67370e-01	2.67370e-01	2.67370e-01	2.67370e-01	2.67370e-01	]	-2.12389e-01	7.84712e-01	1.85292e+00
[	2.68300e-01	2.68300e-01	2.68300e-01	2.68300e-01	2.68300e-01	]	-2.17174e-01	7.87206e-01	1.85656e+00
[	2.69160e-01	2.69160e-01	2.69160e-01	2.69160e-01	2.69160e-01	]	-2.21634e-01	7.89521e-01	1.85990e+00
[	2.69980e-01	2.69980e-01	2.69980e-01	2.69980e-01	2.69980e-01	]	-2.25741e-01	7.91643e-01	1.86298e+00
[	2.70750e-01	2.70750e-01	2.70750e-01	2.70750e-01	2.70750e-01	]	-2.29473e-01	7.93565e-01	1.86582e+00
[	2.71480e-01	2.71480e-01	2.71480e-01	2.71480e-01	2.71480e-01	]	-2.32819e-01	7.95283e-01	1.86846e+00
[	2.72170e-01	2.72170e-01	2.72170e-01	2.72170e-01	2.72170e-01	]	-2.35775e-01	7.96795e-01	1.87092e+00
[	2.72830e-01	2.72830e-01	2.72830e-01	2.72830e-01	2.72830e-01	]	-2.38342e-01	7.98106e-01	1.87323e+00
[	2.73460e-01	2.73460e-01	2.73460e-01	2.73460e-01	2.73460e-01	]	-2.40527e-01	7.99218e-01	1.87540e+00
[	2.74070e-01	2.74070e-01	2.74070e-01	2.74070e-01	2.74070e-01	]	-2.42339e-01	8.00139e-01	1.87745e+00
[	2.74650e-01	2.74650e-01	2.74650e-01	2.74650e-01	2.74650e-01	]	-2.43793e-01	8.00877e-01	1.87940e+00
[	2.75220e-01	2.75220e-01	2.75220e-01	2.75220e-01	2.75220e-01	]	-2.44904e-01	8.01440e-01	1.88127e+00
[	2.75760e-01	2.75760e-01	2.75760e-01	2.75760e-01	2.75760e-01	]	-2.45689e-01	8.01838e-01	1.88306e+00
[	2.76300e-01	2.76300e-01	2.76300e-01	2.76300e-01	2.76300e-01	]	-2.46168e-01	8.02080e-01	1.88480e+00
[	2.76820e-01	2.76820e-01	2.76820e-01	2.76820e-01	2.76820e-01	]	-2.46362e-01	8.02178e-01	1.88648e+00
[	2.77320e-01	2.77320e-01	2.77320e-01	2.77320e-01	2.77320e-01	]	-2.46291e-01	8.02142e-01	1.88812e+00
[	2.77830e-01	2.77830e-01	2.77830e-01	2.77830e-01	2.77830e-01	]	-2.45976e-01	8.01983e-01	1.88973e+00
[	2.78320e-01	2.78320e-01	2.78320e-01	2.78320e-01	2.78320e-01	]	-2.45438e-01	8.01711e-01	1.89131e+00
[	2.78810e-01	2.78810e-01	2.78810e-01	2.78810e-01	2.78810e-01	]	-2.44698e-01	8.01336e-01	1.89286e+00
[	2.79300e-01	2.79300e-01	2.79300e-01	2.79300e-01	2.79300e-01	]	-2.43777e-01	8.00869e-01	1.89440e+00
[	2.79790e-01	2.79790e-01	2.79790e-01	2.79790e-01	2.79790e-01	]	-2.42693e-01	8.00319e-01	1.89592e+00
[	2.80280e-01	2.80280e-01	2.80280e-01	2.80280e-01	2.80280e-01	]	-2.41467e-01	7.99696e-01	1.89743e+00
[	2.80770e-01	2.80770e-01	2.80770e-01	2.80770e-01	2.80770e-01	]	-2.40115e-01	7.99009e-01	1.89893e+00
[	2.81250e-01	2.81250e-01	2.81250e-01	2.81250e-01	2.81250e-01	]	-2.38654e-01	7.98265e-01	1.90042e+00
[	2.81740e-01	2.81740e-01	2.81740e-01	2.81740e-01	2.81740e-01	]	-2.37100e-01	7.97472e-01	1.90190e+00
[	2.82240e-01	2.82240e-01	2.82240e-01	2.82240e-01	2.82240e-01	]	-2.35467e-01	7.96638e-01	1.90338e+00
[	2.82730e-01	2.82730e-01	2.82730e-01	2.82730e-01	2.82730e-01	]	-2.33769e-01	7.95770e-01	1.90485e+00
[	2.83230e-01	2.83230e-01	2.83230e-01	2.83230e-01	2.83230e-01	]	-2.32018e-01	7.94872e-01	1.90631e+00
[	2.83730e-01	2.83730e-01	2.83730e-01	2.83730e-01	2.83730e-01	]	-2.30224e-01	7.93952e-01	1.90777e+00
[	2.84230e-01	2.84230e-01	2.84230e-01	2.84230e-01	2.84230e-01	]	-2.28398e-01	7.93013e-01	1.90922e+00
[	2.84740e-01	2.84740e-01	2.84740e-01	2.84740e-01	2.84740e-01	]	-2.26548e-01	7.92060e-01	1.91067e+00
[	2.85240e-01	2.85240e-01	2.85240e-01	2.85240e-01	2.85240e-01	]	-2.24682e-01	7.91097e-01	1.91211e+00
[	2.85750e-01	2.85750e-01	2.85750e-01	2.85750e-01	2.85750e-01	]	-2.22806e-01	7.90127e-01	1.91354e+00
[	2.86260e-01	2.86260e-01	2.86260e-01	2.86260e-01	2.86260e-01	]	-2.20926e-01	7.89154e-01	1.91497e+00
[	2.86770e-01	2.86770e-01	2.86770e-01	2.86770e-01	2.86770e-01	]	-2.19047e-01	7.88179e-01	1.91639e+00
[	2.87280e-01	2.87280e-01	2.87280e-01	2.87280e-01	2.87280e-01	]	-2.17174e-01	7.87206e-01	1.91780e+00
[	2.87790e-01	2.87790e-01	2.87790e-01	2.87790e-01	2.87790e-01	]	-2.15310e-01	7.86236e-01	1.91920e+00
[	2.88300e-01	2.88300e-01	2.88300e-01	2.88300e-01	2.88300e-01	]	-2.13458e-01	7.85270e-01	1.92059e+00
[	2.88810e-01	2.88810e-01	2.88810e-01	2.88810e-01	2.88810e-01	]	-2.11619e-01	7.84310e-01	1.92197e+00
[	2.89320e-01	2.89320e-01	2.89320e-01	2.89320e-01	2.89320e-01	]	-2.09797e-01	7.83357e-01	1.92334e+00
[	2.89830e-01	2.89830e-01	2.89830e-01	2.89830e-01	2.89830e-01	]	-2.07992e-01	7.82411e-01	1.92470e+00
[	2.90340e-01	2.90340e-01	2.90340e-01	2.90340e-01	2.90340e-01	]	-2.06205e-01	7.81473e-01	1.92606e+00
[	2.90840e-01	2.90840e-01	2.90840e-01	2.90840e-01	2.90840e-01	]	-2.04438e-01	7.80544e-01	1.92739e+00
[	2.91350e-01	2.91350e-01	2.91350e-01	2.91350e-01	2.91350e-01	]	-2.02690e-01	7.79624e-01	1.92872e+00
[	2.91850e-01	2.91850e-01	2.91850e-01	2.91850e-01	2.91850e-01	]	-2.00963e-01	7.78713e-01	1.93004e+00
[	2.92350e-01	2.92350e-01	2.92350e-01	2.92350e-01	2.92350e-01	]	-1.99255e-01	7.77811e-01	1.93134e+00
[	2.92850e-01	2.92850e-01	2.92850e-01	2.92850e-01	2.92850e-01	]	-1.97567e-01	7.76918e-01	1.93263e+00
[	2.93340e-01	2.93340e-01	2.93340e-01	2.93340e-01	2.93340e-01	]	-1.95899e-01	7.76034e-01	1.93391e+00
[	2.93840e-01	2.93840e-01	2.93840e-01	2.93840e-01	2.93840e-01	]	-1.94250e-01	7.75160e-01	1.93517e+00
[	2.94330e-01	2.94330e-01	2.94330e-01	2.94330e-01	2.94330e-01	]	-1.92620e-01	7.74294e-01	1.93643e+00
[	2.94810e-01	2.94810e-01	2.94810e-01	2.94810e-01	2.94810e-01	]	-1.91009e-01	7.73436e-01	1.93767e+00
[	2.95300e-01	2.95300e-01	2.95300e-01	2.95300e-01	2.95300e-01	]	-1.89416e-01	7.72588e-01	1.93890e+00
[	2.95780e-01	2.95780e-01	2.95780e-01	2.95780e-01	2.95780e-01	]	-1.87841e-01	7.71747e-01	1.94011e+00
[	2.96260e-01	2.96260e-01	2.96260e-01	2.96260e-01	2.96260e-01	]	-1.86283e-01	7.70915e-01	1.94131e+00
[	2.96740e-01	2.96740e-01	2.96740e-01	2.96740e-01	2.96740e-01	]	-1.84741e-01	7.70090e-01	1.94250e+00
[	2.97210e-01	2.97210e-01	2.97210e-01	2.97210e-01	2.97210e-01	]	-1.83216e-01	7.69273e-01	1.94368e+00
[	2.97680e-01	2.97680e-01	2.97680e-01	2.97680e-01	2.97680e-01	]	-1.81707e-01	7.68464e-01	1.94485e+00
[	2.98150e-01	2.98150e-01	2.98150e-01	2.98150e-01	2.98150e-01	]	-1.80213e-01	7.67661e-01	1.94600e+00
[	2.98620e-01	2.98620e-01	2.98620e-01	2.98620e-01	2.98620e-01	]	-1.78734e-01	7.66866e-01	1.94714e+00
[	2.99080e-01	2.99080e-01	2.99080e-01	2.99080e-01	2.99080e-01	]	-1.77270e-01	7.66077e-01	1.94827e+00
[	2.99540e-01	2.99540e-01	2.99540e-01	2.99540e-01	2.99540e-01	]	-1.75820e-01	7.65296e-01	1.94938e+00
[	2.99990e-01	2.99990e-01	2.99990e-01	2.99990e-01	2.99990e-01	]	-1.74383e-01	7.64520e-01	1.95049e+00
[	3.00450e-01	3.00450e-01	3.00450e-01	3.00450e-01	3.00450e-01	]	-1.72960e-01	7.63751e-01	1.95158e+00
[	3.00900e-01	3.00900e-01	3.00900e-01	3.00900e-01	3.00900e-01	]	-1.71550e-01	7.62988e-01	1.95266e+00
[	3.01350e-01	3.01350e-01	3.01350e-01	3.01350e-01	3.01350e-01	]	-1.70153e-01	7.62231e-01	1.95373e+00
[	3.01790e-01	3.01790e-01	3.01790e-01	3.01790e-01	3.01790e-01	]	-1.68768e-01	7.61480e-01	1.95478e+00
[	3.02230e-01	3.02230e-01	3.02230e-01	3.02230e-01	3.02230e-01	]	-1.67396e-01	7.60735e-01	1.95583e+00
[	3.02670e-01	3.02670e-01	3.02670e-01	3.02670e-01	3.02670e-01	]	-1.66035e-01	7.59995e-01	1.95686e+00
[	3.03110e-01	3.03110e-01	3.03110e-01	3.03110e-01	3.03110e-01	]	-1.64687e-01	7.59261e-01	1.95789e+00
[	3.03540e-01	3.03540e-01	3.03540e-01	3.03540e-01	3.03540e-01	]	-1.63350e-01	7.58533e-01	1.95890e+00
[	3.03970e-01	3.03970e-01	3.03970e-01	3.03970e-01	3.03970e-01	]	-1.62024e-01	7.57810e-01	1.95990e+00
[	3.04400e-01	3.04400e-01	3.04400e-01	3.04400e-01	3.04400e-01	]	-1.60710e-01	7.57092e-01	1.96089e+00
[	3.04830e-01	3.04830e-01	3.04830e-01	3.04830e-01	3.04830e-01	]	-1.59407e-01	7.56380e-01	1.96187e+00
[	3.05250e-01	3.05250e-01	3.05250e-01	3.05250e-01	3.05250e-01	]	-1.58115e-01	7.55673e-01	1.96284e+00
[	3.05670e-01	3.05670e-01	3.05670e-01	3.05670e-01	3.05670e-01	]	-1.56833e-01	7.54971e-01	1.96380e+00
[	3.06090e-01	3.06090e-01	3.06090e-01	3.06090e-01	3.06090e-01	]	-1.55563e-01	7.54274e-01	1.96475e+00
[	3.06500e-01	3.06500e-01	3.06500e-01	3.06500e-01	3.06500e-01	]	-1.54302e-01	7.53582e-01	1.96569e+00
[	3.06910e-01	3.06910e-01	3.06910e-01	3.06910e-01	3.06910e-01	]	-1.53053e-01	7.52895e-01	1.96662e+00
[	3.07320e-01	3.07320e-01	3.07320e-01	3.07320e-01	3.07320e-01	]	-1.51813e-01	7.52213e-01	1.96754e+00
[	3.07730e-01	3.07730e-01	3.07730e-01	3.07730e-01	3.07730e-01	]	-1.50584e-01	7.51536e-01	1.96845e+00
[	3.08130e-01	3.08130e-01	3.08130e-01	3.08130e-01	3.08130e-01	]	-1.49364e-01	7.50864e-01	1.96935e+00
[	3.08540e-01	3.08540e-01	3.08540e-01	3.08540e-01	3.08540e-01	]	-1.48155e-01	7.50197e-01	1.97024e+00
[	3.08940e-01	3.08940e-01	3.08940e-01	3.08940e-01	3.08940e-01	]	-1.46956e-01	7.49534e-01	1.97112e+00
[	3.09330e-01	3.09330e-01	3.09330e-01	3.09330e-01	3.09330e-01	]	-1.45766e-01	7.48876e-01	1.97199e+00
[	3.09730e-01	3.09730e-01	3.09730e-01	3.09730e-01	3.09730e-01	]	-1.44586e-01	7.48224e-01	1.97286e+00
[	3.10120e-01	3.10120e-01	3.10120e-01	3.10120e-01	3.10120e-01	]	-1.43416e-01	7.47575e-01	1.97371e+00
[	3.10500e-01	3.10500e-01	3.10500e-01	3.10500e-01	3.10500e-01	]	-1.42255e-01	7.46932e-01	1.97456e+00
[	3.10890e-01	3.10890e-01	3.10890e-01	3.10890e-01	3.10890e-01	]	-1.41104e-01	7.46293e-01	1.97540e+00
[	3.11270e-01	3.11270e-01	3.11270e-01	3.11270e-01	3.11270e-01	]	-1.39962e-01	7.45659e-01	1.97622e+00
[	3.11650e-01	3.11650e-01	3.11650e-01	3.11650e-01	3.11650e-01	]	-1.38830e-01	7.45029e-01	1.97704e+00
[	3.12030e-01	3.12030e-01	3.12030e-01	3.12030e-01	3.12030e-01	]	-1.37707e-01	7.44404e-01	1.97785e+00
[	3.12410e-01	3.12410e-01	3.12410e-01	3.12410e-01	3.12410e-01	]	-1.36593e-01	7.43784e-01	1.97866e+00
[	3.12780e-01	3.12780e-01	3.12780e-01	3.12780e-01	3.12780e-01	]	-1.35488e-01	7.43168e-01	1.97945e+00
[	3.13150e-01	3.13150e-01	3.13150e-01	3.13150e-01	3.13150e-01	]	-1.34392e-01	7.42557e-01	1.98024e+00
[	3.13520e-01	3.13520e-01	3.13520e-01	3.13520e-01	3.13520e-01	]	-1.33306e-01	7.41950e-01	1.98102e+00
[	3.13890e-01	3.13890e-01	3.13890e-01	3.13890e-01	3.13890e-01	]	-1.32228e-01	7.41348e-01	1.98179e+00
[	3.14250e-01	3.14250e-01	3.14250e-01	3.14250e-01	3.14250e-01	]	-1.31159e-01	7.40750e-01	1.98255e+00
[	3.14610e-01	3.14610e-01	3.14610e-01	3.14610e-01	3.14610e-01	]	-1.30099e-01	7.40156e-01	1.98330e+00
[	3.14970e-01	3.14970e-01	3.14970e-01	3.14970e-01	3.14970e-01	]	-1.29047e-01	7.39567e-01	1.98405e+00
[	3.15320e-01	3.15320e-01	3.15320e-01	3.15320e-01	3.15320e-01	]	-1.28004e-01	7.38982e-01	1.98479e+00
[	3.15680e-01	3.15680e-01	3.15680e-01	3.15680e-01	3.15680e-01	]	-1.26970e-01	7.38402e-01	1.98552e+00
[	3.16030e-01	3.16030e-01	3.16030e-01	3.16030e-01	3.16030e-01	]	-1.25945e-01	7.37826e-01	1.98625e+00
[	3.16380e-01	3.16380e-01	3.16380e-01	3.16380e-01	3.16380e-01	]	-1.24927e-01	7.37254e-01	1.98696e+00
[	3.16720e-01	3.16720e-01	3.16720e-01	3.16720e-01	3.16720e-01	]	-1.23919e-01	7.36687e-01	1.98767e+00
[	3.17070e-01	3.17070e-01	3.17070e-01	3.17070e-01	3.17070e-01	]	-1.22918e-01	7.36123e-01	1.98838e+00
[	3.17410e-01	3.17410e-01	3.17410e-01	3.17410e-01	3.17410e-01	]	-1.21926e-01	7.35565e-01	1.98907e+00
[	3.17750e-01	3.17750e-01	3.17750e-01	3.17750e-01	3.17750e-01	]	-1.20943e-01	7.35010e-01	1.98976e+00
[	3.18080e-01	3.18080e-01	3.18080e-01	3.18080e-01	3.18080e-01	]	-1.19967e-01	7.34459e-01	1.99044e+00
[	3.18420e-01	3.18420e-01	3.18420e-01	3.18420e-01	3.18420e-01	]	-1.19000e-01	7.33913e-01	1.99111e+00
[	3.18750e-01	3.18750e-01	3.18750e-01	3.18750e-01	3.18750e-01	]	-1.18040e-01	7.33371e-01	1.99178e+00
[	3.19080e-01	3.19080e-01	3.19080e-01	3.19080e-01	3.19080e-01	]	-1.17089e-01	7.32833e-01	1.99244e+00
[	3.19410e-01	3.19410e-01	3.19410e-01	3.19410e-01	3.19410e-01	]	-1.16145e-01	7.32299e-01	1.99310e+00
[	3.19730e-01	3.19730e-01	3.19730e-01	3.19730e-01	3.19730e-01	]	-1.15210e-01	7.31769e-01	1.99374e+00
[	3.20050e-01	3.20050e-01	3.20050e-01	3.20050e-01	3.20050e-01	]	-1.14282e-01	7.31243e-01	1.99438e+00
[	3.20370e-01	3.20370e-01	3.20370e-01	3.20370e-01	3.20370e-01	]	-1.13362e-01	7.30721e-01	1.99502e+00
[	3.20690e-01	3.20690e-01	3.20690e-01	3.20690e-01	3.20690e-01	]	-1.12450e-01	7.30204e-01	1.99564e+00
[	3.21010e-01	3.21010e-01	3.21010e-01	3.21010e-01	3.21010e-01	]	-1.11545e-01	7.29690e-01	1.99627e+00
[	3.21320e-01	3.21320e-01	3.21320e-01	3.21320e-01	3.21320e-01	]	-1.10648e-01	7.29180e-01	1.99688e+00
[	3.21630e-01	3.21630e-01	3.21630e-01	3.21630e-01	3.21630e-01	]	-1.09759e-01	7.28674e-01	1.99749e+00
[	3.21940e-01	3.21940e-01	3.21940e-01	3.21940e-01	3.21940e-01	]	-1.08877e-01	7.28172e-01	1.99809e+00
[	3.22250e-01	3.22250e-01	3.22250e-01	3.22250e-01	3.22250e-01	]	-1.08003e-01	7.27674e-01	1.99869e+00
[	3.22550e-01	3.22550e-01	3.22550e-01	3.22550e-01	3.22550e-01	]	-1.07135e-01	7.27180e-01	1.99928e+00
[	3.22850e-01	3.22850e-01	3.22850e-01	3.22850e-01	3.22850e-01	]	-1.06275e-01	7.26690e-01	1.99986e+00
[	3.23150e-01	3.23150e-01	3.23150e-01	3.23150e-01	3.23150e-01	]	-1.05423e-01	7.26203e-01	2.00044e+00
[	3.23450e-01	3.23450e-01	3.23450e-01	3.23450e-01	3.23450e-01	]	-1.04577e-01	7.25721e-01	2.00101e+00
[	3.23740e-01	3.23740e-01	3.23740e-01	3.23740e-01	3.23740e-01	]	-1.03739e-01	7.25242e-01	2.00157e+00
[	3.24040e-01	3.24040e-01	3.24040e-01	3.24040e-01	3.24040e-01	]	-1.02908e-01	7.24766e-01	2.00213e+00
[	3.24330e-01	3.24330e-01	3.24330e-01	3.24330e-01	3.24330e-01	]	-1.02083e-01	7.24295e-01	2.00269e+00
[	3.24610e-01	3.24610e-01	3.24610e-01	3.24610e-01	3.24610e-01	]	-1.01266e-01	7.23827e-01	2.00323e+00
[	3.24900e-01	3.24900e-01	3.24900e-01	3.24900e-01	3.24900e-01	]	-1.00455e-01	7.23363e-01	2.00377e+00
[	3.25180e-01	3.25180e-01	3.25180e-01	3.25180e-01	3.25180e-01	]	-9.96510e-02	7.22902e-01	2.00431e+00
[	3.25460e-01	3.25460e-01	3.25460e-01	3.25460e-01	3.25460e-01	]	-9.88538e-02	7.22445e-01	2.00484e+00
[	3.25740e-01	3.25740e-01	3.25740e-01	3.25740e-01	3.25740e-01	]	-9.80631e-02	7.21991e-01	2.00536e+00
[	3.26020e-01	3.26020e-01	3.26020e-01	3.26020e-01	3.26020e-01	]	-9.72789e-02	7.21541e-01	2.00588e+00
[	3.26300e-01	3.26300e-01	3.26300e-01	3.26300e-01	3.26300e-01	]	-9.65012e-02	7.21094e-01	2.00639e+00
[	3.26570e-01	3.26570e-01	3.26570e-01	3.26570e-01	3.26570e-01	]	-9.57298e-02	7.20651e-01	2.00690e+00
[	3.26840e-01	3.26840e-01	3.26840e-01	3.26840e-01	3.26840e-01	]	-9.49646e-02	7.20211e-01	2.00740e+00
[	3.27110e-01	3.27110e-01	3.27110e-01	3.27110e-01	3.27110e-01	]	-9.42055e-02	7.19774e-01	2.00790e+00
[	3.27370e-01	3.27370e-01	3.27370e-01	3.27370e-01	3.27370e-01	]	-9.34525e-02	7.19340e-01	2.00838e+00
[	3.27630e-01	3.27630e-01	3.27630e-01	3.27630e-01	3.27630e-01	]	-9.27054e-02	7.18910e-01	2.00887e+00
[	3.27900e-01	3.27900e-01	3.27900e-01	3.27900e-01	3.27900e-01	]	-9.19640e-02	7.18483e-01	2.00935e+00
[	3.28150e-01	3.28150e-01	3.28150e-01	3.28150e-01	3.28150e-01	]	-9.12283e-02	7.18058e-01	2.00982e+00
[	3.28410e-01	3.28410e-01	3.28410e-01	3.28410e-01	3.28410e-01	]	-9.04981e-02	7.17637e-01	2.01028e+00
[	3.28670e-01	3.28670e-01	3.28670e-01	3.28670e-01	3.28670e-01	]	-8.97733e-02	7.17219e-01	2.01074e+00
[	3.28920e-01	3.28920e-01	3.28920e-01	3.28920e-01	3.28920e-01	]	-8.90537e-02	7.16803e-01	2.01119e+00
[	3.29170e-01	3.29170e-01	3.29170e-01	3.29170e-01	3.29170e-01	]	-8.83391e-02	7.16390e-01	2.01164e+00
[	3.29420e-01	3.29420e-01	3.29420e-01	3.29420e-01	3.29420e-01	]	-8.76293e-02	7.15980e-01	2.01208e+00
[	3.29660e-01	3.29660e-01	3.29660e-01	3.29660e-01	3.29660e-01	]	-8.69242e-02	7.15572e-01	2.01252e+00
[	3.29900e-01	3.29900e-01	3.29900e-01	3.29900e-01	3.29900e-01	]	-8.62234e-02	7.15166e-01	2.01295e+00
[	3.30140e-01	3.30140e-01	3.30140e-01	3.30140e-01	3.30140e-01	]	-8.55268e-02	7.14763e-01	2.01337e+00
[	3.30380e-01	3.30380e-01	3.30380e-01	3.30380e-01	3.30380e-01	]	-8.48341e-02	7.14361e-01	2.01378e+00
[	3.30620e-01	3.30620e-01	3.30620e-01	3.30620e-01	3.30620e-01	]	-8.41449e-02	7.13962e-01	2.01419e+00
[	3.30850e-01	3.30850e-01	3.30850e-01	3.30850e-01	3.30850e-01	]	-8.34591e-02	7.13564e-01	2.01459e+00
[	3.31090e-01	3.31090e-01	3.31090e-01	3.31090e-01	3.31090e-01	]	-8.27761e-02	7.13168e-01	2.01498e+00
[	3.31310e-01	3.31310e-01	3.31310e-01	3.31310e-01	3.31310e-01	]	-8.20956e-02	7.12773e-01	2.01537e+00
[	3.31540e-01	3.31540e-01	3.31540e-01	3.31540e-01	3.31540e-01	]	-8.14172e-02	7.12379e-01	2.01575e+00
[	3.31770e-01	3.31770e-01	3.31770e-01	3.31770e-01	3.31770e-01	]	-8.07405e-02	7.11986e-01	2.01612e+00
[	3.31990e-01	3.31990e-01	3.31990e-01	3.31990e-01	3.31990e-01	]	-8.00649e-02	7.11593e-01	2.01648e+00
[	3.32210e-01	3.32210e-01	3.32210e-01	3.32210e-01	3.32210e-01	]	-7.93898e-02	7.11200e-01	2.01683e+00
[	3.32420e-01	3.32420e-01	3.32420e-01	3.32420e-01	3.32420e-01	]	-7.87147e-02	7.10807e-01	2.01717e+00
[	3.32640e-01	3.32640e-01	3.32640e-01	3.32640e-01	3.32640e-01	]	-7.80388e-02	7.10414e-01	2.01751e+00
[	3.32850e-01	3.32850e-01	3.32850e-01	3.32850e-01	3.32850e-01	]	-7.73614e-02	7.10019e-01	2.01783e+00
[	3.33060e-01	3.33060e-01	3.33060e-01	3.33060e-01	3.33060e-01	]	-7.66817e-02	7.09623e-01	2.01814e+00
[	3.33270e-01	3.33270e-01	3.33270e-01	3.33270e-01	3.33270e-01	]	-7.59988e-02	7.09225e-01	2.01844e+00
[	3.33470e-01	3.33470e-01	3.33470e-01	3.33470e-01	3.33470e-01	]	-7.53117e-02	7.08824e-01	2.01873e+00
[	3.33670e-01	3.33670e-01	3.33670e-01	3.33670e-01	3.33670e-01	]	-7.46194e-02	7.08420e-01	2.01900e+00
[	3.33870e-01	3.33870e-01	3.33870e-01	3.33870e-01	3.33870e-01	]	-7.39205e-02	7.08012e-01	2.01926e+00
[	3.34060e-01	3.34060e-01	3.34060e-01	3.34060e-01	3.34060e-01	]	-7.32139e-02	7.07599e-01	2.01951e+00
[	3.34260e-01	3.34260e-01	3.34260e-01	3.34260e-01	3.34260e-01	]	-7.24981e-02	7.07180e-01	2.01974e+00
[	3.34450e-01	3.34450e-01	3.34450e-01	3.34450e-01	3.34450e-01	]	-7.17715e-02	7.06756e-01	2.01995e+00
[	3.34630e-01	3.34630e-01	3.34630e-01	3.34630e-01	3.34630e-01	]	-7.10324e-02	7.06323e-01	2.02015e+00
[	3.34820e-01	3.34820e-01	3.34820e-01	3.34820e-01	3.34820e-01	]	-7.02790e-02	7.05882e-01	2.02032e+00
[	3.35000e-01	3.35000e-01	3.35000e-01	3.35000e-01	3.35000e-01	]	-6.95092e-02	7.05431e-01	2.02048e+00
[	3.35170e-01	3.35170e-01	3.35170e-01	3.35170e-01	3.35170e-01	]	-6.87208e-02	7.04969e-01	2.02061e+00
[	3.35340e-01	3.35340e-01	3.35340e-01	3.35340e-01	3.35340e-01	]	-6.79113e-02	7.04494e-01	2.02071e+00
[	3.35510e-01	3.35510e-01	3.35510e-01	3.35510e-01	3.35510e-01	]	-6.70781e-02	7.04005e-01	2.02079e+00
[	3.35680e-01	3.35680e-01	3.35680e-01	3.35680e-01	3.35680e-01	]	-6.62184e-02	7.03501e-01	2.02084e+00
[	3.35840e-01	3.35840e-01	3.35840e-01	3.35840e-01	3.35840e-01	]	-6.53290e-02	7.02978e-01	2.02085e+00
[	3.35990e-01	3.35990e-01	3.35990e-01	3.35990e-01	3.35990e-01	]	-6.44065e-02	7.02436e-01	2.02083e+00
[	3.36140e-01	3.36140e-01	3.36140e-01	3.36140e-01	3.36140e-01	]	-6.34473e-02	7.01872e-01	2.02078e+00
[	3.36290e-01	3.36290e-01	3.36290e-01	3.36290e-01	3.36290e-01	]	-6.24473e-02	7.01283e-01	2.02068e+00
[	3.36430e-01	3.36430e-01	3.36430e-01	3.36430e-01	3.36430e-01	]	-6.14024e-02	7.00668e-01	2.02053e+00
[	3.36570e-01	3.36570e-01	3.36570e-01	3.36570e-01	3.36570e-01	]	-6.03079e-02	7.00022e-01	2.02033e+00
[	3.36700e-01	3.36700e-01	3.36700e-01	3.36700e-01	3.36700e-01	]	-5.91589e-02	6.99344e-01	2.02008e+00
[	3.36820e-01	3.36820e-01	3.36820e-01	3.36820e-01	3.36820e-01	]	-5.79500e-02	6.98631e-01	2.01977e+00
[	3.36930e-01	3.36930e-01	3.36930e-01	3.36930e-01	3.36930e-01	]	-5.66756e-02	6.97878e-01	2.01940e+00
[	3.37040e-01	3.37040e-01	3.37040e-01	3.37040e-01	3.37040e-01	]	-5.53298e-02	6.97082e-01	2.01895e+00
[	3.37140e-01	3.37140e-01	3.37140e-01	3.37140e-01	3.37140e-01	]	-5.39060e-02	6.96239e-01	2.01842e+00
[	3.37230e-01	3.37230e-01	3.37230e-01	3.37230e-01	3.37230e-01	]	-5.23975e-02	6.95345e-01	2.01781e+00
[	3.37310e-01	3.37310e-01	3.37310e-01	3.37310e-01	3.37310e-01	]	-5.07974e-02	6.94395e-01	2.01710e+00
[	3.37380e-01	3.37380e-01	3.37380e-01	3.37380e-01	3.37380e-01	]	-4.90981e-02	6.93386e-01	2.01629e+00
[	3.37430e-01	3.37430e-01	3.37430e-01	3.37430e-01	3.37430e-01	]	-4.72922e-02	6.92312e-01	2.01537e+00
[	3.37480e-01	3.37480e-01	3.37480e-01	3.37480e-01	3.37480e-01	]	-4.53717e-02	6.91169e-01	2.01433e+00
[	3.37500e-01	3.37500e-01	3.37500e-01	3.37500e-01	3.37500e-01	]	-4.33289e-02	6.89951e-01	2.01314e+00
[	3.37510e-01	3.37510e-01	3.37510e-01	3.37510e-01	3.37510e-01	]	-4.11559e-02	6.88653e-01	2.01181e+00
[	3.37500e-01	3.37500e-01	3.37500e-01	3.37500e-01	3.37500e-01	]	-3.88454e-02	6.87272e-01	2.01032e+00
[	3.37470e-01	3.37470e-01	3.37470e-01	3.37470e-01	3.37470e-01	]	-3.63904e-02	6.85801e-01	2.00865e+00
[	3.37410e-01	3.37410e-01	3.37410e-01	3.37410e-01	3.37410e-01	]	-3.37850e-02	6.84238e-01	2.00678e+00
[	3.37320e-01	3.37320e-01	3.37320e-01	3.37320e-01	3.37320e-01	]	-3.10248e-02	6.82579e-01	2.00470e+00
[	3.37200e-01	3.37200e-01	3.37200e-01	3.37200e-01	3.37200e-01	]	-2.81073e-02	6.80823e-01	2.00239e+00
[	3.37040e-01	3.37040e-01	3.37040e-01	3.37040e-01	3.37040e-01	]	-2.50334e-02	6.78968e-01	1.99982e+00
[	3.36830e-01	3.36830e-01	3.36830e-01	3.36830e-01	3.36830e-01	]	-2.18080e-02	6.77018e-01	1.99698e+00
[	3.36570e-01	3.36570e-01	3.36570e-01	3.36570e-01	3.36570e-01	]	-1.84421e-02	6.74979e-01	1.99383e+00
[	3.36240e-01	3.36240e-01	3.36240e-01	3.36240e-01	3.36240e-01	]	-1.49547e-02	6.72861e-01	1.99035e+00
[	3.35830e-01	3.35830e-01	3.35830e-01	3.35830e-01	3.35830e-01	]	-1.13761e-02	6.70683e-01	1.98652e+00
[	3.35320e-01	3.35320e-01	3.35320e-01	3.35320e-01	3.35320e-01	]	-7.75154e-03	6.68472e-01	1.98229e+00
[	3.34680e-01	3.34680e-01	3.34680e-01	3.34680e-01	3.34680e-01	]	-4.14661e-03	6.66268e-01	1.97764e+00
[	3.33880e-01	3.33880e-01	3.33880e-01	3.33880e-01	3.33880e-01	]	-6.54511e-04	6.64128e-01	1.97254e+00
[	3.32890e-01	3.32890e-01	3.32890e-01	3.32890e-01	3.32890e-01	]	2.59469e-03	6.62133e-01	1.96693e+00
[	3.31640e-01	3.31640e-01	3.31640e-01	3.31640e-01	3.31640e-01	]	5.42164e-03	6.60394e-01	1.96080e+00
[	3.30060e-01	3.30060e-01	3.30060e-01	3.30060e-01	3.30060e-01	]	7.58166e-03	6.59062e-01	1.95409e+00
[	3.28060e-01	3.28060e-01	3.28060e-01	3.28060e-01	3.28060e-01	]	8.74465e-03	6.58345e-01	1.94677e+00
[	3.25530e-01	3.25530e-01	3.25530e-01	3.25530e-01	3.25530e-01	]	8.47051e-03	6.58514e-01	1.93880e+00
[	3.22310e-01	3.22310e-01	3.22310e-01	3.22310e-01	3.22310e-01	]	6.18126e-03	6.59926e-01	1.93014e+00
[	3.18240e-01	3.18240e-01	3.18240e-01	3.18240e-01	3.18240e-01	]	1.13273e-03	6.63031e-01	1.92074e+00
[	3.13120e-01	3.13120e-01	3.13120e-01	3.13120e-01	3.13120e-01	]	-7.60756e-03	6.68384e-01	1.91060e+00
[	3.06810e-01	3.06810e-01	3.06810e-01	3.06810e-01	3.06810e-01	]	-2.11640e-02	6.76628e-01	1.89967e+00
[	2.99180e-01	2.99180e-01	2.99180e-01	2.99180e-01	2.99180e-01	]	-4.08190e-02	6.88452e-01	1.88796e+00
[	2.90320e-01	2.90320e-01	2.90320e-01	2.90320e-01	2.90320e-01	]	-6.79184e-02	7.04498e-01	1.87547e+00
[	2.80550e-01	2.80550e-01	2.80550e-01	2.80550e-01	2.80550e-01	]	-1.03694e-01	7.25216e-01	1.86223e+00
[	2.70650e-01	2.70650e-01	2.70650e-01	2.70650e-01	2.70650e-01	]	-1.49004e-01	7.50665e-01	1.84831e+00
[	2.61850e-01	2.61850e-01	2.61850e-01	2.61850e-01	2.61850e-01	]	-2.04034e-01	7.80332e-01	1.83380e+00
[	2.55830e-01	2.55830e-01	2.55830e-01	2.55830e-01	2.55830e-01	]	-2.68052e-01	8.13032e-01	1.81884e+00
[	2.54450e-01	2.54450e-01	2.54450e-01	2.54450e-01	2.54450e-01	]	-3.39333e-01	8.47001e-01	1.80362e+00
[	2.59380e-01	2.59380e-01	2.59380e-01	2.59380e-01	2.59380e-01	]	-4.15347e-01	8.80183e-01	1.78838e+00
[	2.71630e-01	2.71630e-01	2.71630e-01	2.71630e-01	2.71630e-01	]	-4.93163e-01	9.10645e-01	1.77340e+00
[	2.91340e-01	2.91340e-01	2.91340e-01	2.91340e-01	2.91340e-01	]	-5.69969e-01	9.36956e-01	1.75899e+00
[	3.17880e-01	3.17880e-01	3.17880e-01	3.17880e-01	3.17880e-01	]	-6.43522e-01	9.58377e-01	1.74551e+00
[	3.50070e-01	3.50070e-01	3.50070e-01	3.50070e-01	3.50070e-01	]	-7.12423e-01	9.74840e-01	1.73332e+00
[	3.86770e-01	3.86770e-01	3.86770e-01	3.86770e-01	3.86770e-01	]	-7.76209e-01	9.86753e-01	1.72280e+00
[	4.27250e-01	4.27250e-01	4.27250e-01	4.27250e-01	4.27250e-01	]	-8.35300e-01	9.94744e-01	1.71432e+00
[	4.71610e-01	4.71610e-01	4.71610e-01	4.71610e-01	4.71610e-01	]	-8.90900e-01	9.99427e-01	1.70827e+00
[	5.23330e-01	5.23330e-01	5.23330e-01	5.23330e-01	5.23330e-01	]	-9.47173e-01	1.00120e+00	1.70502e+00
[	5.78560e-01	5.78560e-01	5.78560e-01	5.78560e-01	5.78560e-01	]	-1.00000e+00	1.00000e+00	1.70502e+00
