[	1.86130e+00	1.86130e+00	1.86130e+00	1.86130e+00	1.86130e+00	[	-1.00000e+00	9.99999e-01	-2.15324e+00
[	1.80848e+00	1.80848e+00	1.80848e+00	1.80848e+00	1.80848e+00	[	-9.82364e-01	1.01745e+00	-2.15254e+00
[	1.75378e+00	1.75378e+00	1.75378e+00	1.75378e+00	1.75378e+00	[	-9.63335e-01	1.03536e+00	-2.15295e+00
[	1.69970e+00	1.69970e+00	1.69970e+00	1.69970e+00	1.69970e+00	[	-9.43875e-01	1.05298e+00	-2.15442e+00
[	1.64869e+00	1.64869e+00	1.64869e+00	1.64869e+00	1.64869e+00	[	-9.24949e-01	1.06952e+00	-2.15693e+00
[	1.60311e+00	1.60311e+00	1.60311e+00	1.60311e+00	1.60311e+00	[	-9.07470e-01	1.08427e+00	-2.16042e+00
[	1.56175e+00	1.56175e+00	1.56175e+00	1.56175e+00	1.56175e+00	[	-8.90993e-01	1.09759e+00	-2.16487e+00
[	1.51954e+00	1.51954e+00	1.51954e+00	1.51954e+00	1.51954e+00	[	-8.73596e-01	1.11108e+00	-2.17026e+00
[	1.47245e+00	1.47245e+00	1.47245e+00	1.47245e+00	1.47245e+00	[	-8.53662e-01	1.12593e+00	-2.17656e+00
[	1.41919e+00	1.41919e+00	1.41919e+00	1.41919e+00	1.41919e+00	[	-8.30428e-01	1.14238e+00	-2.18375e+00
[	1.35875e+00	1.35875e+00	1.35875e+00	1.35875e+00	1.35875e+00	[	-8.03147e-01	1.16056e+00	-2.19179e+00
[	1.28964e+00	1.28964e+00	1.28964e+00	1.28964e+00	1.28964e+00	[	-7.70588e-01	1.18060e+00	-2.20063e+00
[	1.21033e+00	1.21033e+00	1.21033e+00	1.21033e+00	1.21033e+00	[	-7.31359e-01	1.20257e+00	-2.21024e+00
[	1.12023e+00	1.12023e+00	1.12023e+00	1.12023e+00	1.12023e+00	[	-6.83897e-01	1.22597e+00	-2.22056e+00
[	1.01940e+00	1.01940e+00	1.01940e+00	1.01940e+00	1.01940e+00	[	-6.26527e-01	1.24990e+00	-2.23153e+00
[	9.09266e-01	9.09266e-01	9.09266e-01	9.09266e-01	9.09266e-01	[	-5.57481e-01	1.27275e+00	-2.24308e+00
[	7.93055e-01	7.93055e-01	7.93055e-01	7.93055e-01	7.93055e-01	[	-4.74867e-01	1.29194e+00	-2.25512e+00
[	6.75171e-01	6.75171e-01	6.75171e-01	6.75171e-01	6.75171e-01	[	-3.76981e-01	1.30443e+00	-2.26756e+00
[	5.62898e-01	5.62898e-01	5.62898e-01	5.62898e-01	5.62898e-01	[	-2.62641e-01	1.30595e+00	-2.28030e+00
[	4.64023e-01	4.64023e-01	4.64023e-01	4.64023e-01	4.64023e-01	[	-1.31091e-01	1.29220e+00	-2.29324e+00
[	3.86446e-01	3.86446e-01	3.86446e-01	3.86446e-01	3.86446e-01	[	1.63707e-02	1.25986e+00	-2.30625e+00
[	3.37766e-01	3.37766e-01	3.37766e-01	3.37766e-01	3.37766e-01	[	1.77490e-01	1.20623e+00	-2.31923e+00
[	3.20321e-01	3.20321e-01	3.20321e-01	3.20321e-01	3.20321e-01	[	3.47033e-01	1.13275e+00	-2.33209e+00
[	3.32354e-01	3.32354e-01	3.32354e-01	3.32354e-01	3.32354e-01	[	5.17465e-01	1.04405e+00	-2.34474e+00
[	3.68663e-01	3.68663e-01	3.68663e-01	3.68663e-01	3.68663e-01	[	6.80883e-01	9.46654e-01	-2.35711e+00
[	4.18873e-01	4.18873e-01	4.18873e-01	4.18873e-01	4.18873e-01	[	8.28893e-01	8.49949e-01	-2.36914e+00
[	4.73138e-01	4.73138e-01	4.73138e-01	4.73138e-01	4.73138e-01	[	9.54628e-01	7.62278e-01	-2.38080e+00
[	5.24806e-01	5.24806e-01	5.24806e-01	5.24806e-01	5.24806e-01	[	1.05634e+00	6.87839e-01	-2.39206e+00
[	5.68449e-01	5.68449e-01	5.68449e-01	5.68449e-01	5.68449e-01	[	1.13376e+00	6.29481e-01	-2.40293e+00
[	6.02873e-01	6.02873e-01	6.02873e-01	6.02873e-01	6.02873e-01	[	1.18981e+00	5.86340e-01	-2.41339e+00
[	6.28807e-01	6.28807e-01	6.28807e-01	6.28807e-01	6.28807e-01	[	1.22880e+00	5.55889e-01	-2.42344e+00
[	6.47509e-01	6.47509e-01	6.47509e-01	6.47509e-01	6.47509e-01	[	1.25464e+00	5.35542e-01	-2.43309e+00
[	6.60710e-01	6.60710e-01	6.60710e-01	6.60710e-01	6.60710e-01	[	1.27089e+00	5.22669e-01	-2.44235e+00
[	6.69927e-01	6.69927e-01	6.69927e-01	6.69927e-01	6.69927e-01	[	1.28050e+00	5.15034e-01	-2.45124e+00
[	6.76240e-01	6.76240e-01	6.76240e-01	6.76240e-01	6.76240e-01	[	1.28540e+00	5.11135e-01	-2.45976e+00
[	6.80591e-01	6.80591e-01	6.80591e-01	6.80591e-01	6.80591e-01	[	1.28723e+00	5.09680e-01	-2.46793e+00
[	6.83553e-01	6.83553e-01	6.83553e-01	6.83553e-01	6.83553e-01	[	1.28695e+00	5.09902e-01	-2.47575e+00
[	6.85589e-01	6.85589e-01	6.85589e-01	6.85589e-01	6.85589e-01	[	1.28533e+00	5.11193e-01	-2.48324e+00
[	6.86991e-01	6.86991e-01	6.86991e-01	6.86991e-01	6.86991e-01	[	1.28285e+00	5.13166e-01	-2.49042e+00
[	6.87960e-01	6.87960e-01	6.87960e-01	6.87960e-01	6.87960e-01	[	1.27984e+00	5.15562e-01	-2.49730e+00
[	6.88642e-01	6.88642e-01	6.88642e-01	6.88642e-01	6.88642e-01	[	1.27653e+00	5.18191e-01	-2.50389e+00
[	6.89124e-01	6.89124e-01	6.89124e-01	6.89124e-01	6.89124e-01	[	1.27306e+00	5.20944e-01	-2.51020e+00
[	6.89477e-01	6.89477e-01	6.89477e-01	6.89477e-01	6.89477e-01	[	1.26955e+00	5.23734e-01	-2.51624e+00
[	6.89735e-01	6.89735e-01	6.89735e-01	6.89735e-01	6.89735e-01	[	1.26604e+00	5.26516e-01	-2.52201e+00
[	6.89930e-01	6.89930e-01	6.89930e-01	6.89930e-01	6.89930e-01	[	1.26259e+00	5.29253e-01	-2.52754e+00
[	6.90078e-01	6.90078e-01	6.90078e-01	6.90078e-01	6.90078e-01	[	1.25921e+00	5.31926e-01	-2.53284e+00
[	6.90195e-01	6.90195e-01	6.90195e-01	6.90195e-01	6.90195e-01	[	1.25592e+00	5.34523e-01	-2.53790e+00
[	6.90291e-01	6.90291e-01	6.90291e-01	6.90291e-01	6.90291e-01	[	1.25274e+00	5.37034e-01	-2.54275e+00
[	6.90370e-01	6.90370e-01	6.90370e-01	6.90370e-01	6.90370e-01	[	1.24968e+00	5.39456e-01	-2.54739e+00
[	6.90438e-01	6.90438e-01	6.90438e-01	6.90438e-01	6.90438e-01	[	1.24672e+00	5.41788e-01	-2.55184e+00
[	6.90497e-01	6.90497e-01	6.90497e-01	6.90497e-01	6.90497e-01	[	1.24388e+00	5.44031e-01	-2.55609e+00
[	6.90549e-01	6.90549e-01	6.90549e-01	6.90549e-01	6.90549e-01	[	1.24114e+00	5.46186e-01	-2.56015e+00
[	6.90595e-01	6.90595e-01	6.90595e-01	6.90595e-01	6.90595e-01	[	1.23851e+00	5.48255e-01	-2.56404e+00
[	6.90633e-01	6.90633e-01	6.90633e-01	6.90633e-01	6.90633e-01	[	1.23599e+00	5.50240e-01	-2.56775e+00
[	6.90667e-01	6.90667e-01	6.90667e-01	6.90667e-01	6.90667e-01	[	1.23356e+00	5.52144e-01	-2.57130e+00
[	6.90700e-01	6.90700e-01	6.90700e-01	6.90700e-01	6.90700e-01	[	1.23124e+00	5.53970e-01	-2.57470e+00
[	6.90731e-01	6.90731e-01	6.90731e-01	6.90731e-01	6.90731e-01	[	1.22901e+00	5.55721e-01	-2.57796e+00
[	6.90759e-01	6.90759e-01	6.90759e-01	6.90759e-01	6.90759e-01	[	1.22687e+00	5.57400e-01	-2.58107e+00
[	6.90781e-01	6.90781e-01	6.90781e-01	6.90781e-01	6.90781e-01	[	1.22482e+00	5.59009e-01	-2.58405e+00
[	6.90801e-01	6.90801e-01	6.90801e-01	6.90801e-01	6.90801e-01	[	1.22285e+00	5.60552e-01	-2.58690e+00
[	6.90820e-01	6.90820e-01	6.90820e-01	6.90820e-01	6.90820e-01	[	1.22096e+00	5.62031e-01	-2.58962e+00
[	6.90837e-01	6.90837e-01	6.90837e-01	6.90837e-01	6.90837e-01	[	1.21915e+00	5.63449e-01	-2.59221e+00
[	6.90853e-01	6.90853e-01	6.90853e-01	6.90853e-01	6.90853e-01	[	1.21741e+00	5.64808e-01	-2.59470e+00
[	6.90866e-01	6.90866e-01	6.90866e-01	6.90866e-01	6.90866e-01	[	1.21574e+00	5.66111e-01	-2.59708e+00
[	6.90873e-01	6.90873e-01	6.90873e-01	6.90873e-01	6.90873e-01	[	1.21415e+00	5.67359e-01	-2.59935e+00
[	6.90877e-01	6.90877e-01	6.90877e-01	6.90877e-01	6.90877e-01	[	1.21261e+00	5.68557e-01	-2.60153e+00
[	6.90881e-01	6.90881e-01	6.90881e-01	6.90881e-01	6.90881e-01	[	1.21114e+00	5.69704e-01	-2.60360e+00
[	6.90887e-01	6.90887e-01	6.90887e-01	6.90887e-01	6.90887e-01	[	1.20973e+00	5.70805e-01	-2.60559e+00
[	6.90890e-01	6.90890e-01	6.90890e-01	6.90890e-01	6.90890e-01	[	1.20838e+00	5.71861e-01	-2.60748e+00
[	6.90887e-01	6.90887e-01	6.90887e-01	6.90887e-01	6.90887e-01	[	1.20708e+00	5.72873e-01	-2.60929e+00
[	6.90881e-01	6.90881e-01	6.90881e-01	6.90881e-01	6.90881e-01	[	1.20584e+00	5.73844e-01	-2.61103e+00
[	6.90877e-01	6.90877e-01	6.90877e-01	6.90877e-01	6.90877e-01	[	1.20465e+00	5.74775e-01	-2.61269e+00
[	6.90874e-01	6.90874e-01	6.90874e-01	6.90874e-01	6.90874e-01	[	1.20350e+00	5.75669e-01	-2.61427e+00
[	6.90865e-01	6.90865e-01	6.90865e-01	6.90865e-01	6.90865e-01	[	1.20240e+00	5.76527e-01	-2.61579e+00
[	6.90851e-01	6.90851e-01	6.90851e-01	6.90851e-01	6.90851e-01	[	1.20135e+00	5.77350e-01	-2.61723e+00
[	6.90837e-01	6.90837e-01	6.90837e-01	6.90837e-01	6.90837e-01	[	1.20033e+00	5.78140e-01	-2.61861e+00
[	6.90825e-01	6.90825e-01	6.90825e-01	6.90825e-01	6.90825e-01	[	1.19935e+00	5.78899e-01	-2.61993e+00
[	6.90811e-01	6.90811e-01	6.90811e-01	6.90811e-01	6.90811e-01	[	1.19841e+00	5.79627e-01	-2.62119e+00
[	6.90791e-01	6.90791e-01	6.90791e-01	6.90791e-01	6.90791e-01	[	1.19751e+00	5.80327e-01	-2.62239e+00
[	6.90768e-01	6.90768e-01	6.90768e-01	6.90768e-01	6.90768e-01	[	1.19665e+00	5.80999e-01	-2.62355e+00
[	6.90745e-01	6.90745e-01	6.90745e-01	6.90745e-01	6.90745e-01	[	1.19582e+00	5.81645e-01	-2.62465e+00
[	6.90724e-01	6.90724e-01	6.90724e-01	6.90724e-01	6.90724e-01	[	1.19502e+00	5.82266e-01	-2.62570e+00
[	6.90700e-01	6.90700e-01	6.90700e-01	6.90700e-01	6.90700e-01	[	1.19426e+00	5.82863e-01	-2.62671e+00
[	6.90675e-01	6.90675e-01	6.90675e-01	6.90675e-01	6.90675e-01	[	1.19352e+00	5.83437e-01	-2.62767e+00
[	6.90646e-01	6.90646e-01	6.90646e-01	6.90646e-01	6.90646e-01	[	1.19281e+00	5.83989e-01	-2.62858e+00
[	6.90615e-01	6.90615e-01	6.90615e-01	6.90615e-01	6.90615e-01	[	1.19212e+00	5.84521e-01	-2.62945e+00
[	6.90584e-01	6.90584e-01	6.90584e-01	6.90584e-01	6.90584e-01	[	1.19146e+00	5.85033e-01	-2.63028e+00
[	6.90554e-01	6.90554e-01	6.90554e-01	6.90554e-01	6.90554e-01	[	1.19082e+00	5.85526e-01	-2.63108e+00
[	6.90523e-01	6.90523e-01	6.90523e-01	6.90523e-01	6.90523e-01	[	1.19022e+00	5.86001e-01	-2.63184e+00
[	6.90490e-01	6.90490e-01	6.90490e-01	6.90490e-01	6.90490e-01	[	1.18963e+00	5.86458e-01	-2.63257e+00
[	6.90455e-01	6.90455e-01	6.90455e-01	6.90455e-01	6.90455e-01	[	1.18906e+00	5.86900e-01	-2.63326e+00
[	6.90417e-01	6.90417e-01	6.90417e-01	6.90417e-01	6.90417e-01	[	1.18851e+00	5.87325e-01	-2.63393e+00
[	6.90378e-01	6.90378e-01	6.90378e-01	6.90378e-01	6.90378e-01	[	1.18798e+00	5.87736e-01	-2.63456e+00
[	6.90337e-01	6.90337e-01	6.90337e-01	6.90337e-01	6.90337e-01	[	1.18747e+00	5.88133e-01	-2.63517e+00
[	6.90293e-01	6.90293e-01	6.90293e-01	6.90293e-01	6.90293e-01	[	1.18697e+00	5.88516e-01	-2.63574e+00
[	6.90249e-01	6.90249e-01	6.90249e-01	6.90249e-01	6.90249e-01	[	1.18649e+00	5.88886e-01	-2.63629e+00
[	6.90205e-01	6.90205e-01	6.90205e-01	6.90205e-01	6.90205e-01	[	1.18603e+00	5.89243e-01	-2.63682e+00
[	6.90161e-01	6.90161e-01	6.90161e-01	6.90161e-01	6.90161e-01	[	1.18558e+00	5.89589e-01	-2.63732e+00
[	6.90115e-01	6.90115e-01	6.90115e-01	6.90115e-01	6.90115e-01	[	1.18515e+00	5.89924e-01	-2.63780e+00
[	6.90066e-01	6.90066e-01	6.90066e-01	6.90066e-01	6.90066e-01	[	1.18474e+00	5.90249e-01	-2.63826e+00
[	6.90017e-01	6.90017e-01	6.90017e-01	6.90017e-01	6.90017e-01	[	1.18433e+00	5.90563e-01	-2.63869e+00
[	6.89969e-01	6.89969e-01	6.89969e-01	6.89969e-01	6.89969e-01	[	1.18394e+00	5.90867e-01	-2.63911e+00
[	6.89920e-01	6.89920e-01	6.89920e-01	6.89920e-01	6.89920e-01	[	1.18356e+00	5.91163e-01	-2.63950e+00
[	6.89869e-01	6.89869e-01	6.89869e-01	6.89869e-01	6.89869e-01	[	1.18319e+00	5.91450e-01	-2.63988e+00
[	6.89815e-01	6.89815e-01	6.89815e-01	6.89815e-01	6.89815e-01	[	1.18282e+00	5.91729e-01	-2.64025e+00
[	6.89759e-01	6.89759e-01	6.89759e-01	6.89759e-01	6.89759e-01	[	1.18248e+00	5.92000e-01	-2.64059e+00
[	6.89701e-01	6.89701e-01	6.89701e-01	6.89701e-01	6.89701e-01	[	1.18214e+00	5.92263e-01	-2.64091e+00
[	6.89643e-01	6.89643e-01	6.89643e-01	6.89643e-01	6.89643e-01	[	1.18181e+00	5.92519e-01	-2.64122e+00
[	6.89585e-01	6.89585e-01	6.89585e-01	6.89585e-01	6.89585e-01	[	1.18148e+00	5.92768e-01	-2.64152e+00
[	6.89529e-01	6.89529e-01	6.89529e-01	6.89529e-01	6.89529e-01	[	1.18117e+00	5.93011e-01	-2.64181e+00
[	6.89473e-01	6.89473e-01	6.89473e-01	6.89473e-01	6.89473e-01	[	1.18086e+00	5.93248e-01	-2.64208e+00
[	6.89414e-01	6.89414e-01	6.89414e-01	6.89414e-01	6.89414e-01	[	1.18057e+00	5.93480e-01	-2.64233e+00
[	6.89349e-01	6.89349e-01	6.89349e-01	6.89349e-01	6.89349e-01	[	1.18028e+00	5.93705e-01	-2.64258e+00
[	6.89282e-01	6.89282e-01	6.89282e-01	6.89282e-01	6.89282e-01	[	1.17999e+00	5.93926e-01	-2.64281e+00
[	6.89218e-01	6.89218e-01	6.89218e-01	6.89218e-01	6.89218e-01	[	1.17971e+00	5.94141e-01	-2.64304e+00
[	6.89157e-01	6.89157e-01	6.89157e-01	6.89157e-01	6.89157e-01	[	1.17944e+00	5.94352e-01	-2.64325e+00
[	6.89095e-01	6.89095e-01	6.89095e-01	6.89095e-01	6.89095e-01	[	1.17917e+00	5.94559e-01	-2.64345e+00
[	6.89029e-01	6.89029e-01	6.89029e-01	6.89029e-01	6.89029e-01	[	1.17891e+00	5.94762e-01	-2.64364e+00
[	6.88961e-01	6.88961e-01	6.88961e-01	6.88961e-01	6.88961e-01	[	1.17866e+00	5.94960e-01	-2.64382e+00
[	6.88891e-01	6.88891e-01	6.88891e-01	6.88891e-01	6.88891e-01	[	1.17840e+00	5.95155e-01	-2.64399e+00
[	6.88819e-01	6.88819e-01	6.88819e-01	6.88819e-01	6.88819e-01	[	1.17815e+00	5.95346e-01	-2.64416e+00
[	6.88749e-01	6.88749e-01	6.88749e-01	6.88749e-01	6.88749e-01	[	1.17791e+00	5.95533e-01	-2.64432e+00
[	6.88678e-01	6.88678e-01	6.88678e-01	6.88678e-01	6.88678e-01	[	1.17767e+00	5.95718e-01	-2.64447e+00
[	6.88608e-01	6.88608e-01	6.88608e-01	6.88608e-01	6.88608e-01	[	1.17744e+00	5.95900e-01	-2.64461e+00
[	6.88538e-01	6.88538e-01	6.88538e-01	6.88538e-01	6.88538e-01	[	1.17720e+00	5.96079e-01	-2.64475e+00
[	6.88466e-01	6.88466e-01	6.88466e-01	6.88466e-01	6.88466e-01	[	1.17697e+00	5.96255e-01	-2.64487e+00
[	6.88392e-01	6.88392e-01	6.88392e-01	6.88392e-01	6.88392e-01	[	1.17675e+00	5.96429e-01	-2.64499e+00
[	6.88315e-01	6.88315e-01	6.88315e-01	6.88315e-01	6.88315e-01	[	1.17654e+00	5.96600e-01	-2.64511e+00
[	6.88236e-01	6.88236e-01	6.88236e-01	6.88236e-01	6.88236e-01	[	1.17631e+00	5.96770e-01	-2.64522e+00
[	6.88156e-01	6.88156e-01	6.88156e-01	6.88156e-01	6.88156e-01	[	1.17609e+00	5.96937e-01	-2.64532e+00
[	6.88076e-01	6.88076e-01	6.88076e-01	6.88076e-01	6.88076e-01	[	1.17588e+00	5.97102e-01	-2.64542e+00
[	6.87997e-01	6.87997e-01	6.87997e-01	6.87997e-01	6.87997e-01	[	1.17567e+00	5.97265e-01	-2.64551e+00
[	6.87918e-01	6.87918e-01	6.87918e-01	6.87918e-01	6.87918e-01	[	1.17546e+00	5.97427e-01	-2.64559e+00
[	6.87838e-01	6.87838e-01	6.87838e-01	6.87838e-01	6.87838e-01	[	1.17525e+00	5.97587e-01	-2.64567e+00
[	6.87759e-01	6.87759e-01	6.87759e-01	6.87759e-01	6.87759e-01	[	1.17505e+00	5.97746e-01	-2.64575e+00
[	6.87680e-01	6.87680e-01	6.87680e-01	6.87680e-01	6.87680e-01	[	1.17485e+00	5.97903e-01	-2.64583e+00
[	6.87600e-01	6.87600e-01	6.87600e-01	6.87600e-01	6.87600e-01	[	1.17465e+00	5.98059e-01	-2.64590e+00
[	6.87518e-01	6.87518e-01	6.87518e-01	6.87518e-01	6.87518e-01	[	1.17445e+00	5.98214e-01	-2.64597e+00
[	6.87433e-01	6.87433e-01	6.87433e-01	6.87433e-01	6.87433e-01	[	1.17424e+00	5.98367e-01	-2.64602e+00
[	6.87345e-01	6.87345e-01	6.87345e-01	6.87345e-01	6.87345e-01	[	1.17405e+00	5.98520e-01	-2.64608e+00
[	6.87256e-01	6.87256e-01	6.87256e-01	6.87256e-01	6.87256e-01	[	1.17385e+00	5.98672e-01	-2.64613e+00
[	6.87170e-01	6.87170e-01	6.87170e-01	6.87170e-01	6.87170e-01	[	1.17366e+00	5.98822e-01	-2.64618e+00
[	6.87087e-01	6.87087e-01	6.87087e-01	6.87087e-01	6.87087e-01	[	1.17347e+00	5.98972e-01	-2.64623e+00
[	6.87003e-01	6.87003e-01	6.87003e-01	6.87003e-01	6.87003e-01	[	1.17327e+00	5.99121e-01	-2.64628e+00
[	6.86916e-01	6.86916e-01	6.86916e-01	6.86916e-01	6.86916e-01	[	1.17308e+00	5.99269e-01	-2.64632e+00
[	6.86826e-01	6.86826e-01	6.86826e-01	6.86826e-01	6.86826e-01	[	1.17288e+00	5.99417e-01	-2.64636e+00
[	6.86734e-01	6.86734e-01	6.86734e-01	6.86734e-01	6.86734e-01	[	1.17269e+00	5.99565e-01	-2.64639e+00
[	6.86641e-01	6.86641e-01	6.86641e-01	6.86641e-01	6.86641e-01	[	1.17250e+00	5.99712e-01	-2.64642e+00
[	6.86548e-01	6.86548e-01	6.86548e-01	6.86548e-01	6.86548e-01	[	1.17231e+00	5.99859e-01	-2.64645e+00
[	6.86456e-01	6.86456e-01	6.86456e-01	6.86456e-01	6.86456e-01	[	1.17212e+00	6.00005e-01	-2.64648e+00
[	6.86363e-01	6.86363e-01	6.86363e-01	6.86363e-01	6.86363e-01	[	1.17194e+00	6.00150e-01	-2.64651e+00
[	6.86270e-01	6.86270e-01	6.86270e-01	6.86270e-01	6.86270e-01	[	1.17175e+00	6.00295e-01	-2.64653e+00
[	6.86178e-01	6.86178e-01	6.86178e-01	6.86178e-01	6.86178e-01	[	1.17156e+00	6.00440e-01	-2.64655e+00
[	6.86086e-01	6.86086e-01	6.86086e-01	6.86086e-01	6.86086e-01	[	1.17137e+00	6.00586e-01	-2.64657e+00
[	6.85993e-01	6.85993e-01	6.85993e-01	6.85993e-01	6.85993e-01	[	1.17119e+00	6.00731e-01	-2.64659e+00
[	6.85897e-01	6.85897e-01	6.85897e-01	6.85897e-01	6.85897e-01	[	1.17100e+00	6.00875e-01	-2.64660e+00
[	6.85799e-01	6.85799e-01	6.85799e-01	6.85799e-01	6.85799e-01	[	1.17081e+00	6.01019e-01	-2.64662e+00
[	6.85702e-01	6.85702e-01	6.85702e-01	6.85702e-01	6.85702e-01	[	1.17063e+00	6.01164e-01	-2.64663e+00
[	6.85605e-01	6.85605e-01	6.85605e-01	6.85605e-01	6.85605e-01	[	1.17044e+00	6.01309e-01	-2.64663e+00
[	6.85507e-01	6.85507e-01	6.85507e-01	6.85507e-01	6.85507e-01	[	1.17025e+00	6.01453e-01	-2.64664e+00
[	6.85405e-01	6.85405e-01	6.85405e-01	6.85405e-01	6.85405e-01	[	1.17006e+00	6.01597e-01	-2.64665e+00
[	6.85303e-01	6.85303e-01	6.85303e-01	6.85303e-01	6.85303e-01	[	1.16988e+00	6.01742e-01	-2.64666e+00
[	6.85202e-01	6.85202e-01	6.85202e-01	6.85202e-01	6.85202e-01	[	1.16969e+00	6.01886e-01	-2.64666e+00
[	6.85100e-01	6.85100e-01	6.85100e-01	6.85100e-01	6.85100e-01	[	1.16950e+00	6.02031e-01	-2.64666e+00
[	6.84999e-01	6.84999e-01	6.84999e-01	6.84999e-01	6.84999e-01	[	1.16931e+00	6.02176e-01	-2.64666e+00
[	6.84897e-01	6.84897e-01	6.84897e-01	6.84897e-01	6.84897e-01	[	1.16913e+00	6.02321e-01	-2.64667e+00
[	6.84796e-01	6.84796e-01	6.84796e-01	6.84796e-01	6.84796e-01	[	1.16894e+00	6.02467e-01	-2.64667e+00
[	6.84695e-01	6.84695e-01	6.84695e-01	6.84695e-01	6.84695e-01	[	1.16875e+00	6.02612e-01	-2.64666e+00
[	6.84592e-01	6.84592e-01	6.84592e-01	6.84592e-01	6.84592e-01	[	1.16856e+00	6.02758e-01	-2.64666e+00
[	6.84487e-01	6.84487e-01	6.84487e-01	6.84487e-01	6.84487e-01	[	1.16837e+00	6.02904e-01	-2.64665e+00
[	6.84380e-01	6.84380e-01	6.84380e-01	6.84380e-01	6.84380e-01	[	1.16818e+00	6.03050e-01	-2.64665e+00
[	6.84274e-01	6.84274e-01	6.84274e-01	6.84274e-01	6.84274e-01	[	1.16799e+00	6.03196e-01	-2.64664e+00
[	6.84168e-01	6.84168e-01	6.84168e-01	6.84168e-01	6.84168e-01	[	1.16780e+00	6.03343e-01	-2.64663e+00
[	6.84063e-01	6.84063e-01	6.84063e-01	6.84063e-01	6.84063e-01	[	1.16761e+00	6.03490e-01	-2.64662e+00
[	6.83957e-01	6.83957e-01	6.83957e-01	6.83957e-01	6.83957e-01	[	1.16742e+00	6.03637e-01	-2.64662e+00
[	6.83849e-01	6.83849e-01	6.83849e-01	6.83849e-01	6.83849e-01	[	1.16723e+00	6.03785e-01	-2.64660e+00
[	6.83739e-01	6.83739e-01	6.83739e-01	6.83739e-01	6.83739e-01	[	1.16704e+00	6.03932e-01	-2.64659e+00
[	6.83628e-01	6.83628e-01	6.83628e-01	6.83628e-01	6.83628e-01	[	1.16684e+00	6.04081e-01	-2.64658e+00
[	6.83517e-01	6.83517e-01	6.83517e-01	6.83517e-01	6.83517e-01	[	1.16665e+00	6.04230e-01	-2.64656e+00
[	6.83407e-01	6.83407e-01	6.83407e-01	6.83407e-01	6.83407e-01	[	1.16645e+00	6.04379e-01	-2.64655e+00
[	6.83298e-01	6.83298e-01	6.83298e-01	6.83298e-01	6.83298e-01	[	1.16626e+00	6.04528e-01	-2.64654e+00
[	6.83188e-01	6.83188e-01	6.83188e-01	6.83188e-01	6.83188e-01	[	1.16606e+00	6.04678e-01	-2.64653e+00
[	6.83074e-01	6.83074e-01	6.83074e-01	6.83074e-01	6.83074e-01	[	1.16587e+00	6.04828e-01	-2.64651e+00
[	6.82958e-01	6.82958e-01	6.82958e-01	6.82958e-01	6.82958e-01	[	1.16568e+00	6.04978e-01	-2.64649e+00
[	6.82846e-01	6.82846e-01	6.82846e-01	6.82846e-01	6.82846e-01	[	1.16548e+00	6.05130e-01	-2.64647e+00
[	6.82737e-01	6.82737e-01	6.82737e-01	6.82737e-01	6.82737e-01	[	1.16528e+00	6.05281e-01	-2.64646e+00
[	6.82625e-01	6.82625e-01	6.82625e-01	6.82625e-01	6.82625e-01	[	1.16508e+00	6.05433e-01	-2.64644e+00
[	6.82506e-01	6.82506e-01	6.82506e-01	6.82506e-01	6.82506e-01	[	1.16489e+00	6.05585e-01	-2.64642e+00
[	6.82386e-01	6.82386e-01	6.82386e-01	6.82386e-01	6.82386e-01	[	1.16470e+00	6.05738e-01	-2.64639e+00
[	6.82270e-01	6.82270e-01	6.82270e-01	6.82270e-01	6.82270e-01	[	1.16450e+00	6.05891e-01	-2.64637e+00
[	6.82156e-01	6.82156e-01	6.82156e-01	6.82156e-01	6.82156e-01	[	1.16429e+00	6.06044e-01	-2.64635e+00
[	6.82040e-01	6.82040e-01	6.82040e-01	6.82040e-01	6.82040e-01	[	1.16409e+00	6.06198e-01	-2.64633e+00
[	6.81920e-01	6.81920e-01	6.81920e-01	6.81920e-01	6.81920e-01	[	1.16389e+00	6.06353e-01	-2.64631e+00
[	6.81800e-01	6.81800e-01	6.81800e-01	6.81800e-01	6.81800e-01	[	1.16369e+00	6.06508e-01	-2.64628e+00
[	6.81681e-01	6.81681e-01	6.81681e-01	6.81681e-01	6.81681e-01	[	1.16349e+00	6.06663e-01	-2.64626e+00
[	6.81562e-01	6.81562e-01	6.81562e-01	6.81562e-01	6.81562e-01	[	1.16329e+00	6.06819e-01	-2.64623e+00
[	6.81443e-01	6.81443e-01	6.81443e-01	6.81443e-01	6.81443e-01	[	1.16308e+00	6.06975e-01	-2.64620e+00
[	6.81324e-01	6.81324e-01	6.81324e-01	6.81324e-01	6.81324e-01	[	1.16288e+00	6.07132e-01	-2.64618e+00
[	6.81205e-01	6.81205e-01	6.81205e-01	6.81205e-01	6.81205e-01	[	1.16268e+00	6.07289e-01	-2.64615e+00
[	6.81086e-01	6.81086e-01	6.81086e-01	6.81086e-01	6.81086e-01	[	1.16248e+00	6.07446e-01	-2.64612e+00
[	6.80965e-01	6.80965e-01	6.80965e-01	6.80965e-01	6.80965e-01	[	1.16227e+00	6.07604e-01	-2.64609e+00
[	6.80841e-01	6.80841e-01	6.80841e-01	6.80841e-01	6.80841e-01	[	1.16206e+00	6.07763e-01	-2.64606e+00
[	6.80717e-01	6.80717e-01	6.80717e-01	6.80717e-01	6.80717e-01	[	1.16185e+00	6.07921e-01	-2.64603e+00
[	6.80594e-01	6.80594e-01	6.80594e-01	6.80594e-01	6.80594e-01	[	1.16165e+00	6.08081e-01	-2.64600e+00
[	6.80470e-01	6.80470e-01	6.80470e-01	6.80470e-01	6.80470e-01	[	1.16144e+00	6.08240e-01	-2.64597e+00
[	6.80342e-01	6.80342e-01	6.80342e-01	6.80342e-01	6.80342e-01	[	1.16123e+00	6.08400e-01	-2.64594e+00
[	6.80214e-01	6.80214e-01	6.80214e-01	6.80214e-01	6.80214e-01	[	1.16103e+00	6.08560e-01	-2.64591e+00
[	6.80089e-01	6.80089e-01	6.80089e-01	6.80089e-01	6.80089e-01	[	1.16082e+00	6.08721e-01	-2.64587e+00
[	6.79966e-01	6.79966e-01	6.79966e-01	6.79966e-01	6.79966e-01	[	1.16061e+00	6.08883e-01	-2.64584e+00
[	6.79841e-01	6.79841e-01	6.79841e-01	6.79841e-01	6.79841e-01	[	1.16040e+00	6.09044e-01	-2.64580e+00
[	6.79713e-01	6.79713e-01	6.79713e-01	6.79713e-01	6.79713e-01	[	1.16019e+00	6.09206e-01	-2.64577e+00
[	6.79584e-01	6.79584e-01	6.79584e-01	6.79584e-01	6.79584e-01	[	1.15998e+00	6.09368e-01	-2.64573e+00
[	6.79457e-01	6.79457e-01	6.79457e-01	6.79457e-01	6.79457e-01	[	1.15977e+00	6.09531e-01	-2.64570e+00
[	6.79329e-01	6.79329e-01	6.79329e-01	6.79329e-01	6.79329e-01	[	1.15955e+00	6.09694e-01	-2.64566e+00
[	6.79197e-01	6.79197e-01	6.79197e-01	6.79197e-01	6.79197e-01	[	1.15934e+00	6.09857e-01	-2.64562e+00
[	6.79064e-01	6.79064e-01	6.79064e-01	6.79064e-01	6.79064e-01	[	1.15913e+00	6.10020e-01	-2.64558e+00
[	6.78932e-01	6.78932e-01	6.78932e-01	6.78932e-01	6.78932e-01	[	1.15892e+00	6.10185e-01	-2.64554e+00
[	6.78799e-01	6.78799e-01	6.78799e-01	6.78799e-01	6.78799e-01	[	1.15870e+00	6.10349e-01	-2.64550e+00
[	6.78667e-01	6.78667e-01	6.78667e-01	6.78667e-01	6.78667e-01	[	1.15848e+00	6.10514e-01	-2.64546e+00
[	6.78535e-01	6.78535e-01	6.78535e-01	6.78535e-01	6.78535e-01	[	1.15827e+00	6.10678e-01	-2.64542e+00
[	6.78402e-01	6.78402e-01	6.78402e-01	6.78402e-01	6.78402e-01	[	1.15806e+00	6.10843e-01	-2.64537e+00
[	6.78270e-01	6.78270e-01	6.78270e-01	6.78270e-01	6.78270e-01	[	1.15785e+00	6.11008e-01	-2.64533e+00
[	6.78138e-01	6.78138e-01	6.78138e-01	6.78138e-01	6.78138e-01	[	1.15763e+00	6.11174e-01	-2.64529e+00
[	6.78006e-01	6.78006e-01	6.78006e-01	6.78006e-01	6.78006e-01	[	1.15741e+00	6.11339e-01	-2.64524e+00
[	6.77874e-01	6.77874e-01	6.77874e-01	6.77874e-01	6.77874e-01	[	1.15720e+00	6.11505e-01	-2.64519e+00
[	6.77739e-01	6.77739e-01	6.77739e-01	6.77739e-01	6.77739e-01	[	1.15698e+00	6.11671e-01	-2.64514e+00
[	6.77601e-01	6.77601e-01	6.77601e-01	6.77601e-01	6.77601e-01	[	1.15676e+00	6.11837e-01	-2.64509e+00
[	6.77465e-01	6.77465e-01	6.77465e-01	6.77465e-01	6.77465e-01	[	1.15655e+00	6.12003e-01	-2.64504e+00
[	6.77329e-01	6.77329e-01	6.77329e-01	6.77329e-01	6.77329e-01	[	1.15633e+00	6.12169e-01	-2.64499e+00
[	6.77191e-01	6.77191e-01	6.77191e-01	6.77191e-01	6.77191e-01	[	1.15612e+00	6.12335e-01	-2.64494e+00
[	6.77049e-01	6.77049e-01	6.77049e-01	6.77049e-01	6.77049e-01	[	1.15590e+00	6.12501e-01	-2.64488e+00
[	6.76908e-01	6.76908e-01	6.76908e-01	6.76908e-01	6.76908e-01	[	1.15568e+00	6.12668e-01	-2.64482e+00
[	6.76770e-01	6.76770e-01	6.76770e-01	6.76770e-01	6.76770e-01	[	1.15547e+00	6.12834e-01	-2.64476e+00
[	6.76634e-01	6.76634e-01	6.76634e-01	6.76634e-01	6.76634e-01	[	1.15525e+00	6.13000e-01	-2.64471e+00
[	6.76496e-01	6.76496e-01	6.76496e-01	6.76496e-01	6.76496e-01	[	1.15503e+00	6.13165e-01	-2.64465e+00
[	6.76355e-01	6.76355e-01	6.76355e-01	6.76355e-01	6.76355e-01	[	1.15482e+00	6.13331e-01	-2.64459e+00
[	6.76211e-01	6.76211e-01	6.76211e-01	6.76211e-01	6.76211e-01	[	1.15460e+00	6.13497e-01	-2.64452e+00
[	6.76065e-01	6.76065e-01	6.76065e-01	6.76065e-01	6.76065e-01	[	1.15439e+00	6.13663e-01	-2.64445e+00
[	6.75920e-01	6.75920e-01	6.75920e-01	6.75920e-01	6.75920e-01	[	1.15418e+00	6.13828e-01	-2.64438e+00
[	6.75779e-01	6.75779e-01	6.75779e-01	6.75779e-01	6.75779e-01	[	1.15396e+00	6.13993e-01	-2.64431e+00
[	6.75638e-01	6.75638e-01	6.75638e-01	6.75638e-01	6.75638e-01	[	1.15375e+00	6.14157e-01	-2.64424e+00
[	6.75494e-01	6.75494e-01	6.75494e-01	6.75494e-01	6.75494e-01	[	1.15353e+00	6.14321e-01	-2.64417e+00
[	6.75348e-01	6.75348e-01	6.75348e-01	6.75348e-01	6.75348e-01	[	1.15332e+00	6.14484e-01	-2.64409e+00
[	6.75202e-01	6.75202e-01	6.75202e-01	6.75202e-01	6.75202e-01	[	1.15311e+00	6.14647e-01	-2.64401e+00
[	6.75056e-01	6.75056e-01	6.75056e-01	6.75056e-01	6.75056e-01	[	1.15290e+00	6.14809e-01	-2.64394e+00
[	6.74911e-01	6.74911e-01	6.74911e-01	6.74911e-01	6.74911e-01	[	1.15269e+00	6.14971e-01	-2.64385e+00
[	6.74766e-01	6.74766e-01	6.74766e-01	6.74766e-01	6.74766e-01	[	1.15247e+00	6.15132e-01	-2.64377e+00
[	6.74620e-01	6.74620e-01	6.74620e-01	6.74620e-01	6.74620e-01	[	1.15226e+00	6.15292e-01	-2.64368e+00
[	6.74470e-01	6.74470e-01	6.74470e-01	6.74470e-01	6.74470e-01	[	1.15206e+00	6.15452e-01	-2.64359e+00
[	6.74320e-01	6.74320e-01	6.74320e-01	6.74320e-01	6.74320e-01	[	1.15186e+00	6.15610e-01	-2.64349e+00
[	6.74172e-01	6.74172e-01	6.74172e-01	6.74172e-01	6.74172e-01	[	1.15165e+00	6.15768e-01	-2.64339e+00
[	6.74027e-01	6.74027e-01	6.74027e-01	6.74027e-01	6.74027e-01	[	1.15144e+00	6.15924e-01	-2.64329e+00
[	6.73881e-01	6.73881e-01	6.73881e-01	6.73881e-01	6.73881e-01	[	1.15124e+00	6.16079e-01	-2.64319e+00
[	6.73732e-01	6.73732e-01	6.73732e-01	6.73732e-01	6.73732e-01	[	1.15104e+00	6.16233e-01	-2.64308e+00
[	6.73579e-01	6.73579e-01	6.73579e-01	6.73579e-01	6.73579e-01	[	1.15084e+00	6.16385e-01	-2.64298e+00
[	6.73425e-01	6.73425e-01	6.73425e-01	6.73425e-01	6.73425e-01	[	1.15065e+00	6.16537e-01	-2.64286e+00
[	6.73270e-01	6.73270e-01	6.73270e-01	6.73270e-01	6.73270e-01	[	1.15046e+00	6.16686e-01	-2.64275e+00
[	6.73120e-01	6.73120e-01	6.73120e-01	6.73120e-01	6.73120e-01	[	1.15026e+00	6.16834e-01	-2.64262e+00
[	6.72970e-01	6.72970e-01	6.72970e-01	6.72970e-01	6.72970e-01	[	1.15007e+00	6.16980e-01	-2.64249e+00
[	6.72818e-01	6.72818e-01	6.72818e-01	6.72818e-01	6.72818e-01	[	1.14988e+00	6.17124e-01	-2.64236e+00
[	6.72664e-01	6.72664e-01	6.72664e-01	6.72664e-01	6.72664e-01	[	1.14969e+00	6.17267e-01	-2.64222e+00
[	6.72508e-01	6.72508e-01	6.72508e-01	6.72508e-01	6.72508e-01	[	1.14951e+00	6.17408e-01	-2.64208e+00
[	6.72354e-01	6.72354e-01	6.72354e-01	6.72354e-01	6.72354e-01	[	1.14933e+00	6.17545e-01	-2.64194e+00
[	6.72200e-01	6.72200e-01	6.72200e-01	6.72200e-01	6.72200e-01	[	1.14916e+00	6.17681e-01	-2.64179e+00
[	6.72046e-01	6.72046e-01	6.72046e-01	6.72046e-01	6.72046e-01	[	1.14898e+00	6.17814e-01	-2.64164e+00
[	6.71891e-01	6.71891e-01	6.71891e-01	6.71891e-01	6.71891e-01	[	1.14881e+00	6.17944e-01	-2.64147e+00
[	6.71733e-01	6.71733e-01	6.71733e-01	6.71733e-01	6.71733e-01	[	1.14865e+00	6.18071e-01	-2.64130e+00
[	6.71574e-01	6.71574e-01	6.71574e-01	6.71574e-01	6.71574e-01	[	1.14848e+00	6.18195e-01	-2.64112e+00
[	6.71417e-01	6.71417e-01	6.71417e-01	6.71417e-01	6.71417e-01	[	1.14833e+00	6.18316e-01	-2.64094e+00
[	6.71263e-01	6.71263e-01	6.71263e-01	6.71263e-01	6.71263e-01	[	1.14817e+00	6.18434e-01	-2.64075e+00
[	6.71108e-01	6.71108e-01	6.71108e-01	6.71108e-01	6.71108e-01	[	1.14802e+00	6.18548e-01	-2.64056e+00
[	6.70949e-01	6.70949e-01	6.70949e-01	6.70949e-01	6.70949e-01	[	1.14788e+00	6.18659e-01	-2.64035e+00
[	6.70790e-01	6.70790e-01	6.70790e-01	6.70790e-01	6.70790e-01	[	1.14774e+00	6.18765e-01	-2.64014e+00
[	6.70632e-01	6.70632e-01	6.70632e-01	6.70632e-01	6.70632e-01	[	1.14761e+00	6.18867e-01	-2.63992e+00
[	6.70473e-01	6.70473e-01	6.70473e-01	6.70473e-01	6.70473e-01	[	1.14748e+00	6.18965e-01	-2.63969e+00
[	6.70310e-01	6.70310e-01	6.70310e-01	6.70310e-01	6.70310e-01	[	1.14736e+00	6.19058e-01	-2.63945e+00
[	6.70146e-01	6.70146e-01	6.70146e-01	6.70146e-01	6.70146e-01	[	1.14725e+00	6.19145e-01	-2.63921e+00
[	6.69985e-01	6.69985e-01	6.69985e-01	6.69985e-01	6.69985e-01	[	1.14714e+00	6.19228e-01	-2.63895e+00
[	6.69827e-01	6.69827e-01	6.69827e-01	6.69827e-01	6.69827e-01	[	1.14704e+00	6.19305e-01	-2.63868e+00
[	6.69668e-01	6.69668e-01	6.69668e-01	6.69668e-01	6.69668e-01	[	1.14694e+00	6.19376e-01	-2.63840e+00
[	6.69504e-01	6.69504e-01	6.69504e-01	6.69504e-01	6.69504e-01	[	1.14686e+00	6.19441e-01	-2.63811e+00
[	6.69341e-01	6.69341e-01	6.69341e-01	6.69341e-01	6.69341e-01	[	1.14678e+00	6.19499e-01	-2.63781e+00
[	6.69181e-01	6.69181e-01	6.69181e-01	6.69181e-01	6.69181e-01	[	1.14672e+00	6.19551e-01	-2.63750e+00
[	6.69023e-01	6.69023e-01	6.69023e-01	6.69023e-01	6.69023e-01	[	1.14666e+00	6.19596e-01	-2.63717e+00
[	6.68862e-01	6.68862e-01	6.68862e-01	6.68862e-01	6.68862e-01	[	1.14661e+00	6.19633e-01	-2.63683e+00
[	6.68699e-01	6.68699e-01	6.68699e-01	6.68699e-01	6.68699e-01	[	1.14657e+00	6.19662e-01	-2.63647e+00
[	6.68534e-01	6.68534e-01	6.68534e-01	6.68534e-01	6.68534e-01	[	1.14654e+00	6.19683e-01	-2.63610e+00
[	6.68371e-01	6.68371e-01	6.68371e-01	6.68371e-01	6.68371e-01	[	1.14652e+00	6.19696e-01	-2.63572e+00
[	6.68208e-01	6.68208e-01	6.68208e-01	6.68208e-01	6.68208e-01	[	1.14652e+00	6.19699e-01	-2.63532e+00
[	6.68046e-01	6.68046e-01	6.68046e-01	6.68046e-01	6.68046e-01	[	1.14653e+00	6.19692e-01	-2.63489e+00
[	6.67882e-01	6.67882e-01	6.67882e-01	6.67882e-01	6.67882e-01	[	1.14656e+00	6.19675e-01	-2.63445e+00
[	6.67715e-01	6.67715e-01	6.67715e-01	6.67715e-01	6.67715e-01	[	1.14659e+00	6.19648e-01	-2.63399e+00
[	6.67547e-01	6.67547e-01	6.67547e-01	6.67547e-01	6.67547e-01	[	1.14664e+00	6.19610e-01	-2.63352e+00
[	6.67381e-01	6.67381e-01	6.67381e-01	6.67381e-01	6.67381e-01	[	1.14670e+00	6.19560e-01	-2.63302e+00
[	6.67218e-01	6.67218e-01	6.67218e-01	6.67218e-01	6.67218e-01	[	1.14678e+00	6.19497e-01	-2.63250e+00
[	6.67056e-01	6.67056e-01	6.67056e-01	6.67056e-01	6.67056e-01	[	1.14689e+00	6.19421e-01	-2.63196e+00
[	6.66893e-01	6.66893e-01	6.66893e-01	6.66893e-01	6.66893e-01	[	1.14700e+00	6.19332e-01	-2.63139e+00
[	6.66729e-01	6.66729e-01	6.66729e-01	6.66729e-01	6.66729e-01	[	1.14714e+00	6.19229e-01	-2.63080e+00
[	6.66566e-01	6.66566e-01	6.66566e-01	6.66566e-01	6.66566e-01	[	1.14729e+00	6.19111e-01	-2.63018e+00
[	6.66403e-01	6.66403e-01	6.66403e-01	6.66403e-01	6.66403e-01	[	1.14746e+00	6.18978e-01	-2.62954e+00
[	6.66239e-01	6.66239e-01	6.66239e-01	6.66239e-01	6.66239e-01	[	1.14766e+00	6.18828e-01	-2.62887e+00
[	6.66076e-01	6.66076e-01	6.66076e-01	6.66076e-01	6.66076e-01	[	1.14788e+00	6.18660e-01	-2.62818e+00
[	6.65913e-01	6.65913e-01	6.65913e-01	6.65913e-01	6.65913e-01	[	1.14812e+00	6.18475e-01	-2.62745e+00
[	6.65750e-01	6.65750e-01	6.65750e-01	6.65750e-01	6.65750e-01	[	1.14839e+00	6.18272e-01	-2.62668e+00
[	6.65586e-01	6.65586e-01	6.65586e-01	6.65586e-01	6.65586e-01	[	1.14868e+00	6.18048e-01	-2.62588e+00
[	6.65423e-01	6.65423e-01	6.65423e-01	6.65423e-01	6.65423e-01	[	1.14900e+00	6.17804e-01	-2.62505e+00
[	6.65260e-01	6.65260e-01	6.65260e-01	6.65260e-01	6.65260e-01	[	1.14934e+00	6.17538e-01	-2.62418e+00
[	6.65097e-01	6.65097e-01	6.65097e-01	6.65097e-01	6.65097e-01	[	1.14972e+00	6.17249e-01	-2.62327e+00
[	6.64934e-01	6.64934e-01	6.64934e-01	6.64934e-01	6.64934e-01	[	1.15013e+00	6.16937e-01	-2.62232e+00
[	6.64770e-01	6.64770e-01	6.64770e-01	6.64770e-01	6.64770e-01	[	1.15056e+00	6.16600e-01	-2.62133e+00
[	6.64606e-01	6.64606e-01	6.64606e-01	6.64606e-01	6.64606e-01	[	1.15103e+00	6.16238e-01	-2.62029e+00
[	6.64446e-01	6.64446e-01	6.64446e-01	6.64446e-01	6.64446e-01	[	1.15154e+00	6.15848e-01	-2.61921e+00
[	6.64288e-01	6.64288e-01	6.64288e-01	6.64288e-01	6.64288e-01	[	1.15209e+00	6.15429e-01	-2.61808e+00
[	6.64128e-01	6.64128e-01	6.64128e-01	6.64128e-01	6.64128e-01	[	1.15267e+00	6.14981e-01	-2.61690e+00
[	6.63963e-01	6.63963e-01	6.63963e-01	6.63963e-01	6.63963e-01	[	1.15330e+00	6.14502e-01	-2.61566e+00
[	6.63801e-01	6.63801e-01	6.63801e-01	6.63801e-01	6.63801e-01	[	1.15396e+00	6.13990e-01	-2.61437e+00
[	6.63645e-01	6.63645e-01	6.63645e-01	6.63645e-01	6.63645e-01	[	1.15467e+00	6.13445e-01	-2.61302e+00
[	6.63492e-01	6.63492e-01	6.63492e-01	6.63492e-01	6.63492e-01	[	1.15543e+00	6.12864e-01	-2.61161e+00
[	6.63335e-01	6.63335e-01	6.63335e-01	6.63335e-01	6.63335e-01	[	1.15623e+00	6.12245e-01	-2.61014e+00
[	6.63175e-01	6.63175e-01	6.63175e-01	6.63175e-01	6.63175e-01	[	1.15709e+00	6.11588e-01	-2.60860e+00
[	6.63017e-01	6.63017e-01	6.63017e-01	6.63017e-01	6.63017e-01	[	1.15800e+00	6.10890e-01	-2.60699e+00
[	6.62863e-01	6.62863e-01	6.62863e-01	6.62863e-01	6.62863e-01	[	1.15896e+00	6.10150e-01	-2.60531e+00
[	6.62709e-01	6.62709e-01	6.62709e-01	6.62709e-01	6.62709e-01	[	1.15998e+00	6.09366e-01	-2.60355e+00
[	6.62555e-01	6.62555e-01	6.62555e-01	6.62555e-01	6.62555e-01	[	1.16106e+00	6.08535e-01	-2.60171e+00
[	6.62400e-01	6.62400e-01	6.62400e-01	6.62400e-01	6.62400e-01	[	1.16220e+00	6.07656e-01	-2.59979e+00
[	6.62248e-01	6.62248e-01	6.62248e-01	6.62248e-01	6.62248e-01	[	1.16341e+00	6.06726e-01	-2.59778e+00
[	6.62099e-01	6.62099e-01	6.62099e-01	6.62099e-01	6.62099e-01	[	1.16468e+00	6.05744e-01	-2.59569e+00
[	6.61952e-01	6.61952e-01	6.61952e-01	6.61952e-01	6.61952e-01	[	1.16603e+00	6.04707e-01	-2.59349e+00
[	6.61807e-01	6.61807e-01	6.61807e-01	6.61807e-01	6.61807e-01	[	1.16745e+00	6.03613e-01	-2.59120e+00
[	6.61661e-01	6.61661e-01	6.61661e-01	6.61661e-01	6.61661e-01	[	1.16895e+00	6.02458e-01	-2.58881e+00
[	6.61515e-01	6.61515e-01	6.61515e-01	6.61515e-01	6.61515e-01	[	1.17052e+00	6.01242e-01	-2.58630e+00
[	6.61370e-01	6.61370e-01	6.61370e-01	6.61370e-01	6.61370e-01	[	1.17218e+00	5.99960e-01	-2.58368e+00
[	6.61229e-01	6.61229e-01	6.61229e-01	6.61229e-01	6.61229e-01	[	1.17393e+00	5.98611e-01	-2.58095e+00
[	6.61088e-01	6.61088e-01	6.61088e-01	6.61088e-01	6.61088e-01	[	1.17577e+00	5.97191e-01	-2.57809e+00
[	6.60946e-01	6.60946e-01	6.60946e-01	6.60946e-01	6.60946e-01	[	1.17770e+00	5.95697e-01	-2.57510e+00
[	6.60805e-01	6.60805e-01	6.60805e-01	6.60805e-01	6.60805e-01	[	1.17973e+00	5.94125e-01	-2.57198e+00
[	6.60668e-01	6.60668e-01	6.60668e-01	6.60668e-01	6.60668e-01	[	1.18186e+00	5.92474e-01	-2.56871e+00
[	6.60536e-01	6.60536e-01	6.60536e-01	6.60536e-01	6.60536e-01	[	1.18411e+00	5.90740e-01	-2.56530e+00
[	6.60405e-01	6.60405e-01	6.60405e-01	6.60405e-01	6.60405e-01	[	1.18646e+00	5.88919e-01	-2.56173e+00
[	6.60272e-01	6.60272e-01	6.60272e-01	6.60272e-01	6.60272e-01	[	1.18892e+00	5.87007e-01	-2.55801e+00
[	6.60140e-01	6.60140e-01	6.60140e-01	6.60140e-01	6.60140e-01	[	1.19150e+00	5.85001e-01	-2.55411e+00
[	6.60011e-01	6.60011e-01	6.60011e-01	6.60011e-01	6.60011e-01	[	1.19421e+00	5.82897e-01	-2.55004e+00
[	6.59884e-01	6.59884e-01	6.59884e-01	6.59884e-01	6.59884e-01	[	1.19705e+00	5.80690e-01	-2.54579e+00
[	6.59758e-01	6.59758e-01	6.59758e-01	6.59758e-01	6.59758e-01	[	1.20002e+00	5.78378e-01	-2.54134e+00
[	6.59635e-01	6.59635e-01	6.59635e-01	6.59635e-01	6.59635e-01	[	1.20313e+00	5.75956e-01	-2.53669e+00
[	6.59514e-01	6.59514e-01	6.59514e-01	6.59514e-01	6.59514e-01	[	1.20639e+00	5.73418e-01	-2.53184e+00
[	6.59394e-01	6.59394e-01	6.59394e-01	6.59394e-01	6.59394e-01	[	1.20979e+00	5.70762e-01	-2.52677e+00
[	6.59277e-01	6.59277e-01	6.59277e-01	6.59277e-01	6.59277e-01	[	1.21335e+00	5.67982e-01	-2.52148e+00
[	6.59161e-01	6.59161e-01	6.59161e-01	6.59161e-01	6.59161e-01	[	1.21708e+00	5.65073e-01	-2.51595e+00
[	6.59048e-01	6.59048e-01	6.59048e-01	6.59048e-01	6.59048e-01	[	1.22096e+00	5.62030e-01	-2.51017e+00
[	6.58936e-01	6.58936e-01	6.58936e-01	6.58936e-01	6.58936e-01	[	1.22503e+00	5.58848e-01	-2.50414e+00
[	6.58826e-01	6.58826e-01	6.58826e-01	6.58826e-01	6.58826e-01	[	1.22927e+00	5.55522e-01	-2.49783e+00
[	6.58719e-01	6.58719e-01	6.58719e-01	6.58719e-01	6.58719e-01	[	1.23369e+00	5.52048e-01	-2.49125e+00
[	6.58614e-01	6.58614e-01	6.58614e-01	6.58614e-01	6.58614e-01	[	1.23831e+00	5.48418e-01	-2.48438e+00
[	6.58507e-01	6.58507e-01	6.58507e-01	6.58507e-01	6.58507e-01	[	1.24312e+00	5.44627e-01	-2.47720e+00
[	6.58400e-01	6.58400e-01	6.58400e-01	6.58400e-01	6.58400e-01	[	1.24814e+00	5.40669e-01	-2.46970e+00
[	6.58297e-01	6.58297e-01	6.58297e-01	6.58297e-01	6.58297e-01	[	1.25337e+00	5.36539e-01	-2.46188e+00
[	6.58198e-01	6.58198e-01	6.58198e-01	6.58198e-01	6.58198e-01	[	1.25882e+00	5.32230e-01	-2.45371e+00
[	6.58103e-01	6.58103e-01	6.58103e-01	6.58103e-01	6.58103e-01	[	1.26450e+00	5.27737e-01	-2.44519e+00
[	6.58007e-01	6.58007e-01	6.58007e-01	6.58007e-01	6.58007e-01	[	1.27041e+00	5.23054e-01	-2.43630e+00
[	6.57909e-01	6.57909e-01	6.57909e-01	6.57909e-01	6.57909e-01	[	1.27655e+00	5.18174e-01	-2.42702e+00
[	6.57810e-01	6.57810e-01	6.57810e-01	6.57810e-01	6.57810e-01	[	1.28294e+00	5.13091e-01	-2.41733e+00
[	6.57709e-01	6.57709e-01	6.57709e-01	6.57709e-01	6.57709e-01	[	1.28958e+00	5.07800e-01	-2.40723e+00
[	6.57605e-01	6.57605e-01	6.57605e-01	6.57605e-01	6.57605e-01	[	1.29648e+00	5.02297e-01	-2.39669e+00
[	6.57494e-01	6.57494e-01	6.57494e-01	6.57494e-01	6.57494e-01	[	1.30363e+00	4.96578e-01	-2.38570e+00
[	6.57371e-01	6.57371e-01	6.57371e-01	6.57371e-01	6.57371e-01	[	1.31104e+00	4.90641e-01	-2.37424e+00
[	6.57231e-01	6.57231e-01	6.57231e-01	6.57231e-01	6.57231e-01	[	1.31871e+00	4.84488e-01	-2.36229e+00
[	6.57059e-01	6.57059e-01	6.57059e-01	6.57059e-01	6.57059e-01	[	1.32663e+00	4.78125e-01	-2.34982e+00
[	6.56841e-01	6.56841e-01	6.56841e-01	6.56841e-01	6.56841e-01	[	1.33478e+00	4.71563e-01	-2.33684e+00
[	6.56550e-01	6.56550e-01	6.56550e-01	6.56550e-01	6.56550e-01	[	1.34312e+00	4.64829e-01	-2.32331e+00
[	6.56152e-01	6.56152e-01	6.56152e-01	6.56152e-01	6.56152e-01	[	1.35161e+00	4.57959e-01	-2.30921e+00
[	6.55586e-01	6.55586e-01	6.55586e-01	6.55586e-01	6.55586e-01	[	1.36016e+00	4.51027e-01	-2.29451e+00
[	6.54758e-01	6.54758e-01	6.54758e-01	6.54758e-01	6.54758e-01	[	1.36865e+00	4.44137e-01	-2.27921e+00
[	6.53530e-01	6.53530e-01	6.53530e-01	6.53530e-01	6.53530e-01	[	1.37686e+00	4.37460e-01	-2.26328e+00
[	6.51670e-01	6.51670e-01	6.51670e-01	6.51670e-01	6.51670e-01	[	1.38444e+00	4.31283e-01	-2.24669e+00
[	6.48868e-01	6.48868e-01	6.48868e-01	6.48868e-01	6.48868e-01	[	1.39092e+00	4.25991e-01	-2.22942e+00
[	6.44537e-01	6.44537e-01	6.44537e-01	6.44537e-01	6.44537e-01	[	1.39542e+00	4.22316e-01	-2.21144e+00
[	6.37958e-01	6.37958e-01	6.37958e-01	6.37958e-01	6.37958e-01	[	1.39684e+00	4.21157e-01	-2.19274e+00
[	6.27838e-01	6.27838e-01	6.27838e-01	6.27838e-01	6.27838e-01	[	1.39316e+00	4.24168e-01	-2.17330e+00
[	6.12549e-01	6.12549e-01	6.12549e-01	6.12549e-01	6.12549e-01	[	1.38179e+00	4.33450e-01	-2.15308e+00
[	5.89760e-01	5.89760e-01	5.89760e-01	5.89760e-01	5.89760e-01	[	1.35879e+00	4.52138e-01	-2.13206e+00
[	5.56378e-01	5.56378e-01	5.56378e-01	5.56378e-01	5.56378e-01	[	1.31871e+00	4.84498e-01	-2.11024e+00
[	5.09841e-01	5.09841e-01	5.09841e-01	5.09841e-01	5.09841e-01	[	1.25577e+00	5.34706e-01	-2.08758e+00
[	4.48857e-01	4.48857e-01	4.48857e-01	4.48857e-01	4.48857e-01	[	1.16353e+00	6.06618e-01	-2.06408e+00
[	3.74127e-01	3.74127e-01	3.74127e-01	3.74127e-01	3.74127e-01	[	1.03697e+00	7.02392e-01	-2.03972e+00
[	2.95259e-01	2.95259e-01	2.95259e-01	2.95259e-01	2.95259e-01	[	8.78313e-01	8.16109e-01	-2.01452e+00
[	2.24713e-01	2.24713e-01	2.24713e-01	2.24713e-01	2.24713e-01	[	6.92507e-01	9.39078e-01	-1.98850e+00
[	1.76545e-01	1.76545e-01	1.76545e-01	1.76545e-01	1.76545e-01	[	4.90022e-01	1.05904e+00	-1.96170e+00
[	1.65633e-01	1.65633e-01	1.65633e-01	1.65633e-01	1.65633e-01	[	2.84843e-01	1.16158e+00	-1.93418e+00
[	1.98825e-01	1.98825e-01	1.98825e-01	1.98825e-01	1.98825e-01	[	8.81769e-02	1.23768e+00	-1.90601e+00
[	2.72506e-01	2.72506e-01	2.72506e-01	2.72506e-01	2.72506e-01	[	-9.24562e-02	1.28542e+00	-1.87731e+00
[	3.80171e-01	3.80171e-01	3.80171e-01	3.80171e-01	3.80171e-01	[	-2.51588e-01	1.30533e+00	-1.84819e+00
[	5.09408e-01	5.09408e-01	5.09408e-01	5.09408e-01	5.09408e-01	[	-3.88624e-01	1.30334e+00	-1.81879e+00
[	6.47387e-01	6.47387e-01	6.47387e-01	6.47387e-01	6.47387e-01	[	-5.04032e-01	1.28614e+00	-1.78921e+00
[	7.84682e-01	7.84682e-01	7.84682e-01	7.84682e-01	7.84682e-01	[	-5.99760e-01	1.25943e+00	-1.75959e+00
[	9.13358e-01	9.13358e-01	9.13358e-01	9.13358e-01	9.13358e-01	[	-6.78309e-01	1.22847e+00	-1.73003e+00
[	1.02887e+00	1.02887e+00	1.02887e+00	1.02887e+00	1.02887e+00	[	-7.42142e-01	1.19677e+00	-1.70062e+00
[	1.02887e+00	1.02887e+00	1.02887e+00	1.02887e+00	1.02887e+00	[	-7.42142e-01	1.19677e+00	-1.70062e+00
[	9.13358e-01	9.13358e-01	9.13358e-01	9.13358e-01	9.13358e-01	[	-6.78309e-01	1.22847e+00	-1.73003e+00
[	7.84682e-01	7.84682e-01	7.84682e-01	7.84682e-01	7.84682e-01	[	-5.99760e-01	1.25943e+00	-1.75959e+00
[	6.47387e-01	6.47387e-01	6.47387e-01	6.47387e-01	6.47387e-01	[	-5.04032e-01	1.28614e+00	-1.78921e+00
[	5.09408e-01	5.09408e-01	5.09408e-01	5.09408e-01	5.09408e-01	[	-3.88624e-01	1.30334e+00	-1.81879e+00
[	3.80171e-01	3.80171e-01	3.80171e-01	3.80171e-01	3.80171e-01	[	-2.51588e-01	1.30533e+00	-1.84819e+00
[	2.72506e-01	2.72506e-01	2.72506e-01	2.72506e-01	2.72506e-01	[	-9.24562e-02	1.28542e+00	-1.87731e+00
[	1.98825e-01	1.98825e-01	1.98825e-01	1.98825e-01	1.98825e-01	[	8.81769e-02	1.23768e+00	-1.90601e+00
[	1.65633e-01	1.65633e-01	1.65633e-01	1.65633e-01	1.65633e-01	[	2.84843e-01	1.16158e+00	-1.93418e+00
[	1.76545e-01	1.76545e-01	1.76545e-01	1.76545e-01	1.76545e-01	[	4.90022e-01	1.05904e+00	-1.96170e+00
[	2.24713e-01	2.24713e-01	2.24713e-01	2.24713e-01	2.24713e-01	[	6.92507e-01	9.39078e-01	-1.98850e+00
[	2.95259e-01	2.95259e-01	2.95259e-01	2.95259e-01	2.95259e-01	[	8.78313e-01	8.16109e-01	-2.01452e+00
[	3.74127e-01	3.74127e-01	3.74127e-01	3.74127e-01	3.74127e-01	[	1.03697e+00	7.02392e-01	-2.03972e+00
[	4.48857e-01	4.48857e-01	4.48857e-01	4.48857e-01	4.48857e-01	[	1.16353e+00	6.06618e-01	-2.06408e+00
[	5.09841e-01	5.09841e-01	5.09841e-01	5.09841e-01	5.09841e-01	[	1.25577e+00	5.34706e-01	-2.08758e+00
[	5.56378e-01	5.56378e-01	5.56378e-01	5.56378e-01	5.56378e-01	[	1.31871e+00	4.84498e-01	-2.11024e+00
[	5.89760e-01	5.89760e-01	5.89760e-01	5.89760e-01	5.89760e-01	[	1.35879e+00	4.52138e-01	-2.13206e+00
[	6.12549e-01	6.12549e-01	6.12549e-01	6.12549e-01	6.12549e-01	[	1.38179e+00	4.33450e-01	-2.15308e+00
[	6.27838e-01	6.27838e-01	6.27838e-01	6.27838e-01	6.27838e-01	[	1.39316e+00	4.24168e-01	-2.17330e+00
[	6.37958e-01	6.37958e-01	6.37958e-01	6.37958e-01	6.37958e-01	[	1.39684e+00	4.21157e-01	-2.19274e+00
[	6.44537e-01	6.44537e-01	6.44537e-01	6.44537e-01	6.44537e-01	[	1.39542e+00	4.22316e-01	-2.21144e+00
[	6.48868e-01	6.48868e-01	6.48868e-01	6.48868e-01	6.48868e-01	[	1.39092e+00	4.25991e-01	-2.22942e+00
[	6.51670e-01	6.51670e-01	6.51670e-01	6.51670e-01	6.51670e-01	[	1.38444e+00	4.31283e-01	-2.24669e+00
[	6.53530e-01	6.53530e-01	6.53530e-01	6.53530e-01	6.53530e-01	[	1.37686e+00	4.37460e-01	-2.26328e+00
[	6.54758e-01	6.54758e-01	6.54758e-01	6.54758e-01	6.54758e-01	[	1.36865e+00	4.44137e-01	-2.27921e+00
[	6.55586e-01	6.55586e-01	6.55586e-01	6.55586e-01	6.55586e-01	[	1.36016e+00	4.51027e-01	-2.29451e+00
[	6.56152e-01	6.56152e-01	6.56152e-01	6.56152e-01	6.56152e-01	[	1.35161e+00	4.57959e-01	-2.30921e+00
[	6.56550e-01	6.56550e-01	6.56550e-01	6.56550e-01	6.56550e-01	[	1.34312e+00	4.64829e-01	-2.32331e+00
[	6.56841e-01	6.56841e-01	6.56841e-01	6.56841e-01	6.56841e-01	[	1.33478e+00	4.71563e-01	-2.33684e+00
[	6.57059e-01	6.57059e-01	6.57059e-01	6.57059e-01	6.57059e-01	[	1.32663e+00	4.78125e-01	-2.34982e+00
[	6.57231e-01	6.57231e-01	6.57231e-01	6.57231e-01	6.57231e-01	[	1.31871e+00	4.84488e-01	-2.36229e+00
[	6.57371e-01	6.57371e-01	6.57371e-01	6.57371e-01	6.57371e-01	[	1.31104e+00	4.90641e-01	-2.37424e+00
[	6.57494e-01	6.57494e-01	6.57494e-01	6.57494e-01	6.57494e-01	[	1.30363e+00	4.96578e-01	-2.38570e+00
[	6.57605e-01	6.57605e-01	6.57605e-01	6.57605e-01	6.57605e-01	[	1.29648e+00	5.02297e-01	-2.39669e+00
[	6.57709e-01	6.57709e-01	6.57709e-01	6.57709e-01	6.57709e-01	[	1.28958e+00	5.07800e-01	-2.40723e+00
[	6.57810e-01	6.57810e-01	6.57810e-01	6.57810e-01	6.57810e-01	[	1.28294e+00	5.13091e-01	-2.41733e+00
[	6.57909e-01	6.57909e-01	6.57909e-01	6.57909e-01	6.57909e-01	[	1.27655e+00	5.18174e-01	-2.42702e+00
[	6.58007e-01	6.58007e-01	6.58007e-01	6.58007e-01	6.58007e-01	[	1.27041e+00	5.23054e-01	-2.43630e+00
[	6.58103e-01	6.58103e-01	6.58103e-01	6.58103e-01	6.58103e-01	[	1.26450e+00	5.27737e-01	-2.44519e+00
[	6.58198e-01	6.58198e-01	6.58198e-01	6.58198e-01	6.58198e-01	[	1.25882e+00	5.32230e-01	-2.45371e+00
[	6.58297e-01	6.58297e-01	6.58297e-01	6.58297e-01	6.58297e-01	[	1.25337e+00	5.36539e-01	-2.46188e+00
[	6.58400e-01	6.58400e-01	6.58400e-01	6.58400e-01	6.58400e-01	[	1.24814e+00	5.40669e-01	-2.46970e+00
[	6.58507e-01	6.58507e-01	6.58507e-01	6.58507e-01	6.58507e-01	[	1.24312e+00	5.44627e-01	-2.47720e+00
[	6.58614e-01	6.58614e-01	6.58614e-01	6.58614e-01	6.58614e-01	[	1.23831e+00	5.48418e-01	-2.48438e+00
[	6.58719e-01	6.58719e-01	6.58719e-01	6.58719e-01	6.58719e-01	[	1.23369e+00	5.52048e-01	-2.49125e+00
[	6.58826e-01	6.58826e-01	6.58826e-01	6.58826e-01	6.58826e-01	[	1.22927e+00	5.55522e-01	-2.49783e+00
[	6.58936e-01	6.58936e-01	6.58936e-01	6.58936e-01	6.58936e-01	[	1.22503e+00	5.58848e-01	-2.50414e+00
[	6.59048e-01	6.59048e-01	6.59048e-01	6.59048e-01	6.59048e-01	[	1.22096e+00	5.62030e-01	-2.51017e+00
[	6.59161e-01	6.59161e-01	6.59161e-01	6.59161e-01	6.59161e-01	[	1.21708e+00	5.65073e-01	-2.51595e+00
[	6.59277e-01	6.59277e-01	6.59277e-01	6.59277e-01	6.59277e-01	[	1.21335e+00	5.67982e-01	-2.52148e+00
[	6.59394e-01	6.59394e-01	6.59394e-01	6.59394e-01	6.59394e-01	[	1.20979e+00	5.70762e-01	-2.52677e+00
[	6.59514e-01	6.59514e-01	6.59514e-01	6.59514e-01	6.59514e-01	[	1.20639e+00	5.73418e-01	-2.53184e+00
[	6.59635e-01	6.59635e-01	6.59635e-01	6.59635e-01	6.59635e-01	[	1.20313e+00	5.75956e-01	-2.53669e+00
[	6.59758e-01	6.59758e-01	6.59758e-01	6.59758e-01	6.59758e-01	[	1.20002e+00	5.78378e-01	-2.54134e+00
[	6.59884e-01	6.59884e-01	6.59884e-01	6.59884e-01	6.59884e-01	[	1.19705e+00	5.80690e-01	-2.54579e+00
[	6.60011e-01	6.60011e-01	6.60011e-01	6.60011e-01	6.60011e-01	[	1.19421e+00	5.82897e-01	-2.55004e+00
[	6.60140e-01	6.60140e-01	6.60140e-01	6.60140e-01	6.60140e-01	[	1.19150e+00	5.85001e-01	-2.55411e+00
[	6.60272e-01	6.60272e-01	6.60272e-01	6.60272e-01	6.60272e-01	[	1.18892e+00	5.87007e-01	-2.55801e+00
[	6.60405e-01	6.60405e-01	6.60405e-01	6.60405e-01	6.60405e-01	[	1.18646e+00	5.88919e-01	-2.56173e+00
[	6.60536e-01	6.60536e-01	6.60536e-01	6.60536e-01	6.60536e-01	[	1.18411e+00	5.90740e-01	-2.56530e+00
[	6.60668e-01	6.60668e-01	6.60668e-01	6.60668e-01	6.60668e-01	[	1.18186e+00	5.92474e-01	-2.56871e+00
[	6.60805e-01	6.60805e-01	6.60805e-01	6.60805e-01	6.60805e-01	[	1.17973e+00	5.94125e-01	-2.57198e+00
[	6.60946e-01	6.60946e-01	6.60946e-01	6.60946e-01	6.60946e-01	[	1.17770e+00	5.95697e-01	-2.57510e+00
[	6.61088e-01	6.61088e-01	6.61088e-01	6.61088e-01	6.61088e-01	[	1.17577e+00	5.97191e-01	-2.57809e+00
[	6.61229e-01	6.61229e-01	6.61229e-01	6.61229e-01	6.61229e-01	[	1.17393e+00	5.98611e-01	-2.58095e+00
[	6.61370e-01	6.61370e-01	6.61370e-01	6.61370e-01	6.61370e-01	[	1.17218e+00	5.99960e-01	-2.58368e+00
[	6.61515e-01	6.61515e-01	6.61515e-01	6.61515e-01	6.61515e-01	[	1.17052e+00	6.01242e-01	-2.58630e+00
[	6.61661e-01	6.61661e-01	6.61661e-01	6.61661e-01	6.61661e-01	[	1.16895e+00	6.02458e-01	-2.58881e+00
[	6.61807e-01	6.61807e-01	6.61807e-01	6.61807e-01	6.61807e-01	[	1.16745e+00	6.03613e-01	-2.59120e+00
[	6.61952e-01	6.61952e-01	6.61952e-01	6.61952e-01	6.61952e-01	[	1.16603e+00	6.04707e-01	-2.59349e+00
[	6.62099e-01	6.62099e-01	6.62099e-01	6.62099e-01	6.62099e-01	[	1.16468e+00	6.05744e-01	-2.59569e+00
[	6.62248e-01	6.62248e-01	6.62248e-01	6.62248e-01	6.62248e-01	[	1.16341e+00	6.06726e-01	-2.59778e+00
[	6.62400e-01	6.62400e-01	6.62400e-01	6.62400e-01	6.62400e-01	[	1.16220e+00	6.07656e-01	-2.59979e+00
[	6.62555e-01	6.62555e-01	6.62555e-01	6.62555e-01	6.62555e-01	[	1.16106e+00	6.08535e-01	-2.60171e+00
[	6.62709e-01	6.62709e-01	6.62709e-01	6.62709e-01	6.62709e-01	[	1.15998e+00	6.09366e-01	-2.60355e+00
[	6.62863e-01	6.62863e-01	6.62863e-01	6.62863e-01	6.62863e-01	[	1.15896e+00	6.10150e-01	-2.60531e+00
[	6.63017e-01	6.63017e-01	6.63017e-01	6.63017e-01	6.63017e-01	[	1.15800e+00	6.10890e-01	-2.60699e+00
[	6.63175e-01	6.63175e-01	6.63175e-01	6.63175e-01	6.63175e-01	[	1.15709e+00	6.11588e-01	-2.60860e+00
[	6.63335e-01	6.63335e-01	6.63335e-01	6.63335e-01	6.63335e-01	[	1.15623e+00	6.12245e-01	-2.61014e+00
[	6.63492e-01	6.63492e-01	6.63492e-01	6.63492e-01	6.63492e-01	[	1.15543e+00	6.12864e-01	-2.61161e+00
[	6.63645e-01	6.63645e-01	6.63645e-01	6.63645e-01	6.63645e-01	[	1.15467e+00	6.13445e-01	-2.61302e+00
[	6.63801e-01	6.63801e-01	6.63801e-01	6.63801e-01	6.63801e-01	[	1.15396e+00	6.13990e-01	-2.61437e+00
[	6.63963e-01	6.63963e-01	6.63963e-01	6.63963e-01	6.63963e-01	[	1.15330e+00	6.14502e-01	-2.61566e+00
[	6.64128e-01	6.64128e-01	6.64128e-01	6.64128e-01	6.64128e-01	[	1.15267e+00	6.14981e-01	-2.61690e+00
[	6.64288e-01	6.64288e-01	6.64288e-01	6.64288e-01	6.64288e-01	[	1.15209e+00	6.15429e-01	-2.61808e+00
[	6.64446e-01	6.64446e-01	6.64446e-01	6.64446e-01	6.64446e-01	[	1.15154e+00	6.15848e-01	-2.61921e+00
[	6.64606e-01	6.64606e-01	6.64606e-01	6.64606e-01	6.64606e-01	[	1.15103e+00	6.16238e-01	-2.62029e+00
[	6.64770e-01	6.64770e-01	6.64770e-01	6.64770e-01	6.64770e-01	[	1.15056e+00	6.16600e-01	-2.62133e+00
[	6.64934e-01	6.64934e-01	6.64934e-01	6.64934e-01	6.64934e-01	[	1.15013e+00	6.16937e-01	-2.62232e+00
[	6.65097e-01	6.65097e-01	6.65097e-01	6.65097e-01	6.65097e-01	[	1.14972e+00	6.17249e-01	-2.62327e+00
[	6.65260e-01	6.65260e-01	6.65260e-01	6.65260e-01	6.65260e-01	[	1.14934e+00	6.17538e-01	-2.62418e+00
[	6.65423e-01	6.65423e-01	6.65423e-01	6.65423e-01	6.65423e-01	[	1.14900e+00	6.17804e-01	-2.62505e+00
[	6.65586e-01	6.65586e-01	6.65586e-01	6.65586e-01	6.65586e-01	[	1.14868e+00	6.18048e-01	-2.62588e+00
[	6.65750e-01	6.65750e-01	6.65750e-01	6.65750e-01	6.65750e-01	[	1.14839e+00	6.18272e-01	-2.62668e+00
[	6.65913e-01	6.65913e-01	6.65913e-01	6.65913e-01	6.65913e-01	[	1.14812e+00	6.18475e-01	-2.62745e+00
[	6.66076e-01	6.66076e-01	6.66076e-01	6.66076e-01	6.66076e-01	[	1.14788e+00	6.18660e-01	-2.62818e+00
[	6.66239e-01	6.66239e-01	6.66239e-01	6.66239e-01	6.66239e-01	[	1.14766e+00	6.18828e-01	-2.62887e+00
[	6.66403e-01	6.66403e-01	6.66403e-01	6.66403e-01	6.66403e-01	[	1.14746e+00	6.18978e-01	-2.62954e+00
[	6.66566e-01	6.66566e-01	6.66566e-01	6.66566e-01	6.66566e-01	[	1.14729e+00	6.19111e-01	-2.63018e+00
[	6.66729e-01	6.66729e-01	6.66729e-01	6.66729e-01	6.66729e-01	[	1.14714e+00	6.19229e-01	-2.63080e+00
[	6.66893e-01	6.66893e-01	6.66893e-01	6.66893e-01	6.66893e-01	[	1.14700e+00	6.19332e-01	-2.63139e+00
[	6.67056e-01	6.67056e-01	6.67056e-01	6.67056e-01	6.67056e-01	[	1.14689e+00	6.19421e-01	-2.63196e+00
[	6.67218e-01	6.67218e-01	6.67218e-01	6.67218e-01	6.67218e-01	[	1.14678e+00	6.19497e-01	-2.63250e+00
[	6.67381e-01	6.67381e-01	6.67381e-01	6.67381e-01	6.67381e-01	[	1.14670e+00	6.19560e-01	-2.63302e+00
[	6.67547e-01	6.67547e-01	6.67547e-01	6.67547e-01	6.67547e-01	[	1.14664e+00	6.19610e-01	-2.63352e+00
[	6.67715e-01	6.67715e-01	6.67715e-01	6.67715e-01	6.67715e-01	[	1.14659e+00	6.19648e-01	-2.63399e+00
[	6.67882e-01	6.67882e-01	6.67882e-01	6.67882e-01	6.67882e-01	[	1.14656e+00	6.19675e-01	-2.63445e+00
[	6.68046e-01	6.68046e-01	6.68046e-01	6.68046e-01	6.68046e-01	[	1.14653e+00	6.19692e-01	-2.63489e+00
[	6.68208e-01	6.68208e-01	6.68208e-01	6.68208e-01	6.68208e-01	[	1.14652e+00	6.19699e-01	-2.63532e+00
[	6.68371e-01	6.68371e-01	6.68371e-01	6.68371e-01	6.68371e-01	[	1.14652e+00	6.19696e-01	-2.63572e+00
[	6.68534e-01	6.68534e-01	6.68534e-01	6.68534e-01	6.68534e-01	[	1.14654e+00	6.19683e-01	-2.63610e+00
[	6.68699e-01	6.68699e-01	6.68699e-01	6.68699e-01	6.68699e-01	[	1.14657e+00	6.19662e-01	-2.63647e+00
[	6.68862e-01	6.68862e-01	6.68862e-01	6.68862e-01	6.68862e-01	[	1.14661e+00	6.19633e-01	-2.63683e+00
[	6.69023e-01	6.69023e-01	6.69023e-01	6.69023e-01	6.69023e-01	[	1.14666e+00	6.19596e-01	-2.63717e+00
[	6.69181e-01	6.69181e-01	6.69181e-01	6.69181e-01	6.69181e-01	[	1.14672e+00	6.19551e-01	-2.63750e+00
[	6.69341e-01	6.69341e-01	6.69341e-01	6.69341e-01	6.69341e-01	[	1.14678e+00	6.19499e-01	-2.63781e+00
[	6.69504e-01	6.69504e-01	6.69504e-01	6.69504e-01	6.69504e-01	[	1.14686e+00	6.19441e-01	-2.63811e+00
[	6.69668e-01	6.69668e-01	6.69668e-01	6.69668e-01	6.69668e-01	[	1.14694e+00	6.19376e-01	-2.63840e+00
[	6.69827e-01	6.69827e-01	6.69827e-01	6.69827e-01	6.69827e-01	[	1.14704e+00	6.19305e-01	-2.63868e+00
[	6.69985e-01	6.69985e-01	6.69985e-01	6.69985e-01	6.69985e-01	[	1.14714e+00	6.19228e-01	-2.63895e+00
[	6.70146e-01	6.70146e-01	6.70146e-01	6.70146e-01	6.70146e-01	[	1.14725e+00	6.19145e-01	-2.63921e+00
[	6.70310e-01	6.70310e-01	6.70310e-01	6.70310e-01	6.70310e-01	[	1.14736e+00	6.19058e-01	-2.63945e+00
[	6.70473e-01	6.70473e-01	6.70473e-01	6.70473e-01	6.70473e-01	[	1.14748e+00	6.18965e-01	-2.63969e+00
[	6.70632e-01	6.70632e-01	6.70632e-01	6.70632e-01	6.70632e-01	[	1.14761e+00	6.18867e-01	-2.63992e+00
[	6.70790e-01	6.70790e-01	6.70790e-01	6.70790e-01	6.70790e-01	[	1.14774e+00	6.18765e-01	-2.64014e+00
[	6.70949e-01	6.70949e-01	6.70949e-01	6.70949e-01	6.70949e-01	[	1.14788e+00	6.18659e-01	-2.64035e+00
[	6.71108e-01	6.71108e-01	6.71108e-01	6.71108e-01	6.71108e-01	[	1.14802e+00	6.18548e-01	-2.64056e+00
[	6.71263e-01	6.71263e-01	6.71263e-01	6.71263e-01	6.71263e-01	[	1.14817e+00	6.18434e-01	-2.64075e+00
[	6.71417e-01	6.71417e-01	6.71417e-01	6.71417e-01	6.71417e-01	[	1.14833e+00	6.18316e-01	-2.64094e+00
[	6.71574e-01	6.71574e-01	6.71574e-01	6.71574e-01	6.71574e-01	[	1.14848e+00	6.18195e-01	-2.64112e+00
[	6.71733e-01	6.71733e-01	6.71733e-01	6.71733e-01	6.71733e-01	[	1.14865e+00	6.18071e-01	-2.64130e+00
[	6.71891e-01	6.71891e-01	6.71891e-01	6.71891e-01	6.71891e-01	[	1.14881e+00	6.17944e-01	-2.64147e+00
[	6.72046e-01	6.72046e-01	6.72046e-01	6.72046e-01	6.72046e-01	[	1.14898e+00	6.17814e-01	-2.64164e+00
[	6.72200e-01	6.72200e-01	6.72200e-01	6.72200e-01	6.72200e-01	[	1.14916e+00	6.17681e-01	-2.64179e+00
[	6.72354e-01	6.72354e-01	6.72354e-01	6.72354e-01	6.72354e-01	[	1.14933e+00	6.17545e-01	-2.64194e+00
[	6.72508e-01	6.72508e-01	6.72508e-01	6.72508e-01	6.72508e-01	[	1.14951e+00	6.17408e-01	-2.64208e+00
[	6.72664e-01	6.72664e-01	6.72664e-01	6.72664e-01	6.72664e-01	[	1.14969e+00	6.17267e-01	-2.64222e+00
[	6.72818e-01	6.72818e-01	6.72818e-01	6.72818e-01	6.72818e-01	[	1.14988e+00	6.17124e-01	-2.64236e+00
[	6.72970e-01	6.72970e-01	6.72970e-01	6.72970e-01	6.72970e-01	[	1.15007e+00	6.16980e-01	-2.64249e+00
[	6.73120e-01	6.73120e-01	6.73120e-01	6.73120e-01	6.73120e-01	[	1.15026e+00	6.16834e-01	-2.64262e+00
[	6.73270e-01	6.73270e-01	6.73270e-01	6.73270e-01	6.73270e-01	[	1.15046e+00	6.16686e-01	-2.64275e+00
[	6.73425e-01	6.73425e-01	6.73425e-01	6.73425e-01	6.73425e-01	[	1.15065e+00	6.16537e-01	-2.64286e+00
[	6.73579e-01	6.73579e-01	6.73579e-01	6.73579e-01	6.73579e-01	[	1.15084e+00	6.16385e-01	-2.64298e+00
[	6.73732e-01	6.73732e-01	6.73732e-01	6.73732e-01	6.73732e-01	[	1.15104e+00	6.16233e-01	-2.64308e+00
[	6.73881e-01	6.73881e-01	6.73881e-01	6.73881e-01	6.73881e-01	[	1.15124e+00	6.16079e-01	-2.64319e+00
[	6.74027e-01	6.74027e-01	6.74027e-01	6.74027e-01	6.74027e-01	[	1.15144e+00	6.15924e-01	-2.64329e+00
[	6.74172e-01	6.74172e-01	6.74172e-01	6.74172e-01	6.74172e-01	[	1.15165e+00	6.15768e-01	-2.64339e+00
[	6.74320e-01	6.74320e-01	6.74320e-01	6.74320e-01	6.74320e-01	[	1.15186e+00	6.15610e-01	-2.64349e+00
[	6.74470e-01	6.74470e-01	6.74470e-01	6.74470e-01	6.74470e-01	[	1.15206e+00	6.15452e-01	-2.64359e+00
[	6.74620e-01	6.74620e-01	6.74620e-01	6.74620e-01	6.74620e-01	[	1.15226e+00	6.15292e-01	-2.64368e+00
[	6.74766e-01	6.74766e-01	6.74766e-01	6.74766e-01	6.74766e-01	[	1.15247e+00	6.15132e-01	-2.64377e+00
[	6.74911e-01	6.74911e-01	6.74911e-01	6.74911e-01	6.74911e-01	[	1.15269e+00	6.14971e-01	-2.64385e+00
[	6.75056e-01	6.75056e-01	6.75056e-01	6.75056e-01	6.75056e-01	[	1.15290e+00	6.14809e-01	-2.64394e+00
[	6.75202e-01	6.75202e-01	6.75202e-01	6.75202e-01	6.75202e-01	[	1.15311e+00	6.14647e-01	-2.64401e+00
[	6.75348e-01	6.75348e-01	6.75348e-01	6.75348e-01	6.75348e-01	[	1.15332e+00	6.14484e-01	-2.64409e+00
[	6.75494e-01	6.75494e-01	6.75494e-01	6.75494e-01	6.75494e-01	[	1.15353e+00	6.14321e-01	-2.64417e+00
[	6.75638e-01	6.75638e-01	6.75638e-01	6.75638e-01	6.75638e-01	[	1.15375e+00	6.14157e-01	-2.64424e+00
[	6.75779e-01	6.75779e-01	6.75779e-01	6.75779e-01	6.75779e-01	[	1.15396e+00	6.13993e-01	-2.64431e+00
[	6.75920e-01	6.75920e-01	6.75920e-01	6.75920e-01	6.75920e-01	[	1.15418e+00	6.13828e-01	-2.64438e+00
[	6.76065e-01	6.76065e-01	6.76065e-01	6.76065e-01	6.76065e-01	[	1.15439e+00	6.13663e-01	-2.64445e+00
[	6.76211e-01	6.76211e-01	6.76211e-01	6.76211e-01	6.76211e-01	[	1.15460e+00	6.13497e-01	-2.64452e+00
[	6.76355e-01	6.76355e-01	6.76355e-01	6.76355e-01	6.76355e-01	[	1.15482e+00	6.13331e-01	-2.64459e+00
[	6.76496e-01	6.76496e-01	6.76496e-01	6.76496e-01	6.76496e-01	[	1.15503e+00	6.13165e-01	-2.64465e+00
[	6.76634e-01	6.76634e-01	6.76634e-01	6.76634e-01	6.76634e-01	[	1.15525e+00	6.13000e-01	-2.64471e+00
[	6.76770e-01	6.76770e-01	6.76770e-01	6.76770e-01	6.76770e-01	[	1.15547e+00	6.12834e-01	-2.64476e+00
[	6.76908e-01	6.76908e-01	6.76908e-01	6.76908e-01	6.76908e-01	[	1.15568e+00	6.12668e-01	-2.64482e+00
[	6.77049e-01	6.77049e-01	6.77049e-01	6.77049e-01	6.77049e-01	[	1.15590e+00	6.12501e-01	-2.64488e+00
[	6.77191e-01	6.77191e-01	6.77191e-01	6.77191e-01	6.77191e-01	[	1.15612e+00	6.12335e-01	-2.64494e+00
[	6.77329e-01	6.77329e-01	6.77329e-01	6.77329e-01	6.77329e-01	[	1.15633e+00	6.12169e-01	-2.64499e+00
[	6.77465e-01	6.77465e-01	6.77465e-01	6.77465e-01	6.77465e-01	[	1.15655e+00	6.12003e-01	-2.64504e+00
[	6.77601e-01	6.77601e-01	6.77601e-01	6.77601e-01	6.77601e-01	[	1.15676e+00	6.11837e-01	-2.64509e+00
[	6.77739e-01	6.77739e-01	6.77739e-01	6.77739e-01	6.77739e-01	[	1.15698e+00	6.11671e-01	-2.64514e+00
[	6.77874e-01	6.77874e-01	6.77874e-01	6.77874e-01	6.77874e-01	[	1.15720e+00	6.11505e-01	-2.64519e+00
[	6.78006e-01	6.78006e-01	6.78006e-01	6.78006e-01	6.78006e-01	[	1.15741e+00	6.11339e-01	-2.64524e+00
[	6.78138e-01	6.78138e-01	6.78138e-01	6.78138e-01	6.78138e-01	[	1.15763e+00	6.11174e-01	-2.64529e+00
[	6.78270e-01	6.78270e-01	6.78270e-01	6.78270e-01	6.78270e-01	[	1.15785e+00	6.11008e-01	-2.64533e+00
[	6.78402e-01	6.78402e-01	6.78402e-01	6.78402e-01	6.78402e-01	[	1.15806e+00	6.10843e-01	-2.64537e+00
[	6.78535e-01	6.78535e-01	6.78535e-01	6.78535e-01	6.78535e-01	[	1.15827e+00	6.10678e-01	-2.64542e+00
[	6.78667e-01	6.78667e-01	6.78667e-01	6.78667e-01	6.78667e-01	[	1.15848e+00	6.10514e-01	-2.64546e+00
[	6.78799e-01	6.78799e-01	6.78799e-01	6.78799e-01	6.78799e-01	[	1.15870e+00	6.10349e-01	-2.64550e+00
[	6.78932e-01	6.78932e-01	6.78932e-01	6.78932e-01	6.78932e-01	[	1.15892e+00	6.10185e-01	-2.64554e+00
[	6.79064e-01	6.79064e-01	6.79064e-01	6.79064e-01	6.79064e-01	[	1.15913e+00	6.10020e-01	-2.64558e+00
[	6.79197e-01	6.79197e-01	6.79197e-01	6.79197e-01	6.79197e-01	[	1.15934e+00	6.09857e-01	-2.64562e+00
[	6.79329e-01	6.79329e-01	6.79329e-01	6.79329e-01	6.79329e-01	[	1.15955e+00	6.09694e-01	-2.64566e+00
[	6.79457e-01	6.79457e-01	6.79457e-01	6.79457e-01	6.79457e-01	[	1.15977e+00	6.09531e-01	-2.64570e+00
[	6.79584e-01	6.79584e-01	6.79584e-01	6.79584e-01	6.79584e-01	[	1.15998e+00	6.09368e-01	-2.64573e+00
[	6.79713e-01	6.79713e-01	6.79713e-01	6.79713e-01	6.79713e-01	[	1.16019e+00	6.09206e-01	-2.64577e+00
[	6.79841e-01	6.79841e-01	6.79841e-01	6.79841e-01	6.79841e-01	[	1.16040e+00	6.09044e-01	-2.64580e+00
[	6.79966e-01	6.79966e-01	6.79966e-01	6.79966e-01	6.79966e-01	[	1.16061e+00	6.08883e-01	-2.64584e+00
[	6.80089e-01	6.80089e-01	6.80089e-01	6.80089e-01	6.80089e-01	[	1.16082e+00	6.08721e-01	-2.64587e+00
[	6.80214e-01	6.80214e-01	6.80214e-01	6.80214e-01	6.80214e-01	[	1.16103e+00	6.08560e-01	-2.64591e+00
[	6.80342e-01	6.80342e-01	6.80342e-01	6.80342e-01	6.80342e-01	[	1.16123e+00	6.08400e-01	-2.64594e+00
[	6.80470e-01	6.80470e-01	6.80470e-01	6.80470e-01	6.80470e-01	[	1.16144e+00	6.08240e-01	-2.64597e+00
[	6.80594e-01	6.80594e-01	6.80594e-01	6.80594e-01	6.80594e-01	[	1.16165e+00	6.08081e-01	-2.64600e+00
[	6.80717e-01	6.80717e-01	6.80717e-01	6.80717e-01	6.80717e-01	[	1.16185e+00	6.07921e-01	-2.64603e+00
[	6.80841e-01	6.80841e-01	6.80841e-01	6.80841e-01	6.80841e-01	[	1.16206e+00	6.07763e-01	-2.64606e+00
[	6.80965e-01	6.80965e-01	6.80965e-01	6.80965e-01	6.80965e-01	[	1.16227e+00	6.07604e-01	-2.64609e+00
[	6.81086e-01	6.81086e-01	6.81086e-01	6.81086e-01	6.81086e-01	[	1.16248e+00	6.07446e-01	-2.64612e+00
[	6.81205e-01	6.81205e-01	6.81205e-01	6.81205e-01	6.81205e-01	[	1.16268e+00	6.07289e-01	-2.64615e+00
[	6.81324e-01	6.81324e-01	6.81324e-01	6.81324e-01	6.81324e-01	[	1.16288e+00	6.07132e-01	-2.64618e+00
[	6.81443e-01	6.81443e-01	6.81443e-01	6.81443e-01	6.81443e-01	[	1.16308e+00	6.06975e-01	-2.64620e+00
[	6.81562e-01	6.81562e-01	6.81562e-01	6.81562e-01	6.81562e-01	[	1.16329e+00	6.06819e-01	-2.64623e+00
[	6.81681e-01	6.81681e-01	6.81681e-01	6.81681e-01	6.81681e-01	[	1.16349e+00	6.06663e-01	-2.64626e+00
[	6.81800e-01	6.81800e-01	6.81800e-01	6.81800e-01	6.81800e-01	[	1.16369e+00	6.06508e-01	-2.64628e+00
[	6.81920e-01	6.81920e-01	6.81920e-01	6.81920e-01	6.81920e-01	[	1.16389e+00	6.06353e-01	-2.64631e+00
[	6.82040e-01	6.82040e-01	6.82040e-01	6.82040e-01	6.82040e-01	[	1.16409e+00	6.06198e-01	-2.64633e+00
[	6.82156e-01	6.82156e-01	6.82156e-01	6.82156e-01	6.82156e-01	[	1.16429e+00	6.06044e-01	-2.64635e+00
[	6.82270e-01	6.82270e-01	6.82270e-01	6.82270e-01	6.82270e-01	[	1.16450e+00	6.05891e-01	-2.64637e+00
[	6.82386e-01	6.82386e-01	6.82386e-01	6.82386e-01	6.82386e-01	[	1.16470e+00	6.05738e-01	-2.64639e+00
[	6.82506e-01	6.82506e-01	6.82506e-01	6.82506e-01	6.82506e-01	[	1.16489e+00	6.05585e-01	-2.64642e+00
[	6.82625e-01	6.82625e-01	6.82625e-01	6.82625e-01	6.82625e-01	[	1.16508e+00	6.05433e-01	-2.64644e+00
[	6.82737e-01	6.82737e-01	6.82737e-01	6.82737e-01	6.82737e-01	[	1.16528e+00	6.05281e-01	-2.64646e+00
[	6.82846e-01	6.82846e-01	6.82846e-01	6.82846e-01	6.82846e-01	[	1.16548e+00	6.05130e-01	-2.64647e+00
[	6.82958e-01	6.82958e-01	6.82958e-01	6.82958e-01	6.82958e-01	[	1.16568e+00	6.04978e-01	-2.64649e+00
[	6.83074e-01	6.83074e-01	6.83074e-01	6.83074e-01	6.83074e-01	[	1.16587e+00	6.04828e-01	-2.64651e+00
[	6.83188e-01	6.83188e-01	6.83188e-01	6.83188e-01	6.83188e-01	[	1.16606e+00	6.04678e-01	-2.64653e+00
[	6.83298e-01	6.83298e-01	6.83298e-01	6.83298e-01	6.83298e-01	[	1.16626e+00	6.04528e-01	-2.64654e+00
[	6.83407e-01	6.83407e-01	6.83407e-01	6.83407e-01	6.83407e-01	[	1.16645e+00	6.04379e-01	-2.64655e+00
[	6.83517e-01	6.83517e-01	6.83517e-01	6.83517e-01	6.83517e-01	[	1.16665e+00	6.04230e-01	-2.64656e+00
[	6.83628e-01	6.83628e-01	6.83628e-01	6.83628e-01	6.83628e-01	[	1.16684e+00	6.04081e-01	-2.64658e+00
[	6.83739e-01	6.83739e-01	6.83739e-01	6.83739e-01	6.83739e-01	[	1.16704e+00	6.03932e-01	-2.64659e+00
[	6.83849e-01	6.83849e-01	6.83849e-01	6.83849e-01	6.83849e-01	[	1.16723e+00	6.03785e-01	-2.64660e+00
[	6.83957e-01	6.83957e-01	6.83957e-01	6.83957e-01	6.83957e-01	[	1.16742e+00	6.03637e-01	-2.64662e+00
[	6.84063e-01	6.84063e-01	6.84063e-01	6.84063e-01	6.84063e-01	[	1.16761e+00	6.03490e-01	-2.64662e+00
[	6.84168e-01	6.84168e-01	6.84168e-01	6.84168e-01	6.84168e-01	[	1.16780e+00	6.03343e-01	-2.64663e+00
[	6.84274e-01	6.84274e-01	6.84274e-01	6.84274e-01	6.84274e-01	[	1.16799e+00	6.03196e-01	-2.64664e+00
[	6.84380e-01	6.84380e-01	6.84380e-01	6.84380e-01	6.84380e-01	[	1.16818e+00	6.03050e-01	-2.64665e+00
[	6.84487e-01	6.84487e-01	6.84487e-01	6.84487e-01	6.84487e-01	[	1.16837e+00	6.02904e-01	-2.64665e+00
[	6.84592e-01	6.84592e-01	6.84592e-01	6.84592e-01	6.84592e-01	[	1.16856e+00	6.02758e-01	-2.64666e+00
[	6.84695e-01	6.84695e-01	6.84695e-01	6.84695e-01	6.84695e-01	[	1.16875e+00	6.02612e-01	-2.64666e+00
[	6.84796e-01	6.84796e-01	6.84796e-01	6.84796e-01	6.84796e-01	[	1.16894e+00	6.02467e-01	-2.64667e+00
[	6.84897e-01	6.84897e-01	6.84897e-01	6.84897e-01	6.84897e-01	[	1.16913e+00	6.02321e-01	-2.64667e+00
[	6.84999e-01	6.84999e-01	6.84999e-01	6.84999e-01	6.84999e-01	[	1.16931e+00	6.02176e-01	-2.64666e+00
[	6.85100e-01	6.85100e-01	6.85100e-01	6.85100e-01	6.85100e-01	[	1.16950e+00	6.02031e-01	-2.64666e+00
[	6.85202e-01	6.85202e-01	6.85202e-01	6.85202e-01	6.85202e-01	[	1.16969e+00	6.01886e-01	-2.64666e+00
[	6.85303e-01	6.85303e-01	6.85303e-01	6.85303e-01	6.85303e-01	[	1.16988e+00	6.01742e-01	-2.64666e+00
[	6.85405e-01	6.85405e-01	6.85405e-01	6.85405e-01	6.85405e-01	[	1.17006e+00	6.01597e-01	-2.64665e+00
[	6.85507e-01	6.85507e-01	6.85507e-01	6.85507e-01	6.85507e-01	[	1.17025e+00	6.01453e-01	-2.64664e+00
[	6.85605e-01	6.85605e-01	6.85605e-01	6.85605e-01	6.85605e-01	[	1.17044e+00	6.01309e-01	-2.64663e+00
[	6.85702e-01	6.85702e-01	6.85702e-01	6.85702e-01	6.85702e-01	[	1.17063e+00	6.01164e-01	-2.64663e+00
[	6.85799e-01	6.85799e-01	6.85799e-01	6.85799e-01	6.85799e-01	[	1.17081e+00	6.01019e-01	-2.64662e+00
[	6.85897e-01	6.85897e-01	6.85897e-01	6.85897e-01	6.85897e-01	[	1.17100e+00	6.00875e-01	-2.64660e+00
[	6.85993e-01	6.85993e-01	6.85993e-01	6.85993e-01	6.85993e-01	[	1.17119e+00	6.00731e-01	-2.64659e+00
[	6.86086e-01	6.86086e-01	6.86086e-01	6.86086e-01	6.86086e-01	[	1.17137e+00	6.00586e-01	-2.64657e+00
[	6.86178e-01	6.86178e-01	6.86178e-01	6.86178e-01	6.86178e-01	[	1.17156e+00	6.00440e-01	-2.64655e+00
[	6.86270e-01	6.86270e-01	6.86270e-01	6.86270e-01	6.86270e-01	[	1.17175e+00	6.00295e-01	-2.64653e+00
[	6.86363e-01	6.86363e-01	6.86363e-01	6.86363e-01	6.86363e-01	[	1.17194e+00	6.00150e-01	-2.64651e+00
[	6.86456e-01	6.86456e-01	6.86456e-01	6.86456e-01	6.86456e-01	[	1.17212e+00	6.00005e-01	-2.64648e+00
[	6.86548e-01	6.86548e-01	6.86548e-01	6.86548e-01	6.86548e-01	[	1.17231e+00	5.99859e-01	-2.64645e+00
[	6.86641e-01	6.86641e-01	6.86641e-01	6.86641e-01	6.86641e-01	[	1.17250e+00	5.99712e-01	-2.64642e+00
[	6.86734e-01	6.86734e-01	6.86734e-01	6.86734e-01	6.86734e-01	[	1.17269e+00	5.99565e-01	-2.64639e+00
[	6.86826e-01	6.86826e-01	6.86826e-01	6.86826e-01	6.86826e-01	[	1.17288e+00	5.99417e-01	-2.64636e+00
[	6.86916e-01	6.86916e-01	6.86916e-01	6.86916e-01	6.86916e-01	[	1.17308e+00	5.99269e-01	-2.64632e+00
[	6.87003e-01	6.87003e-01	6.87003e-01	6.87003e-01	6.87003e-01	[	1.17327e+00	5.99121e-01	-2.64628e+00
[	6.87087e-01	6.87087e-01	6.87087e-01	6.87087e-01	6.87087e-01	[	1.17347e+00	5.98972e-01	-2.64623e+00
[	6.87170e-01	6.87170e-01	6.87170e-01	6.87170e-01	6.87170e-01	[	1.17366e+00	5.98822e-01	-2.64618e+00
[	6.87256e-01	6.87256e-01	6.87256e-01	6.87256e-01	6.87256e-01	[	1.17385e+00	5.98672e-01	-2.64613e+00
[	6.87345e-01	6.87345e-01	6.87345e-01	6.87345e-01	6.87345e-01	[	1.17405e+00	5.98520e-01	-2.64608e+00
[	6.87433e-01	6.87433e-01	6.87433e-01	6.87433e-01	6.87433e-01	[	1.17424e+00	5.98367e-01	-2.64602e+00
[	6.87518e-01	6.87518e-01	6.87518e-01	6.87518e-01	6.87518e-01	[	1.17445e+00	5.98214e-01	-2.64597e+00
[	6.87600e-01	6.87600e-01	6.87600e-01	6.87600e-01	6.87600e-01	[	1.17465e+00	5.98059e-01	-2.64590e+00
[	6.87680e-01	6.87680e-01	6.87680e-01	6.87680e-01	6.87680e-01	[	1.17485e+00	5.97903e-01	-2.64583e+00
[	6.87759e-01	6.87759e-01	6.87759e-01	6.87759e-01	6.87759e-01	[	1.17505e+00	5.97746e-01	-2.64575e+00
[	6.87838e-01	6.87838e-01	6.87838e-01	6.87838e-01	6.87838e-01	[	1.17525e+00	5.97587e-01	-2.64567e+00
[	6.87918e-01	6.87918e-01	6.87918e-01	6.87918e-01	6.87918e-01	[	1.17546e+00	5.97427e-01	-2.64559e+00
[	6.87997e-01	6.87997e-01	6.87997e-01	6.87997e-01	6.87997e-01	[	1.17567e+00	5.97265e-01	-2.64551e+00
[	6.88076e-01	6.88076e-01	6.88076e-01	6.88076e-01	6.88076e-01	[	1.17588e+00	5.97102e-01	-2.64542e+00
[	6.88156e-01	6.88156e-01	6.88156e-01	6.88156e-01	6.88156e-01	[	1.17609e+00	5.96937e-01	-2.64532e+00
[	6.88236e-01	6.88236e-01	6.88236e-01	6.88236e-01	6.88236e-01	[	1.17631e+00	5.96770e-01	-2.64522e+00
[	6.88315e-01	6.88315e-01	6.88315e-01	6.88315e-01	6.88315e-01	[	1.17654e+00	5.96600e-01	-2.64511e+00
[	6.88392e-01	6.88392e-01	6.88392e-01	6.88392e-01	6.88392e-01	[	1.17675e+00	5.96429e-01	-2.64499e+00
[	6.88466e-01	6.88466e-01	6.88466e-01	6.88466e-01	6.88466e-01	[	1.17697e+00	5.96255e-01	-2.64487e+00
[	6.88538e-01	6.88538e-01	6.88538e-01	6.88538e-01	6.88538e-01	[	1.17720e+00	5.96079e-01	-2.64475e+00
[	6.88608e-01	6.88608e-01	6.88608e-01	6.88608e-01	6.88608e-01	[	1.17744e+00	5.95900e-01	-2.64461e+00
[	6.88678e-01	6.88678e-01	6.88678e-01	6.88678e-01	6.88678e-01	[	1.17767e+00	5.95718e-01	-2.64447e+00
[	6.88749e-01	6.88749e-01	6.88749e-01	6.88749e-01	6.88749e-01	[	1.17791e+00	5.95533e-01	-2.64432e+00
[	6.88819e-01	6.88819e-01	6.88819e-01	6.88819e-01	6.88819e-01	[	1.17815e+00	5.95346e-01	-2.64416e+00
[	6.88891e-01	6.88891e-01	6.88891e-01	6.88891e-01	6.88891e-01	[	1.17840e+00	5.95155e-01	-2.64399e+00
[	6.88961e-01	6.88961e-01	6.88961e-01	6.88961e-01	6.88961e-01	[	1.17866e+00	5.94960e-01	-2.64382e+00
[	6.89029e-01	6.89029e-01	6.89029e-01	6.89029e-01	6.89029e-01	[	1.17891e+00	5.94762e-01	-2.64364e+00
[	6.89095e-01	6.89095e-01	6.89095e-01	6.89095e-01	6.89095e-01	[	1.17917e+00	5.94559e-01	-2.64345e+00
[	6.89157e-01	6.89157e-01	6.89157e-01	6.89157e-01	6.89157e-01	[	1.17944e+00	5.94352e-01	-2.64325e+00
[	6.89218e-01	6.89218e-01	6.89218e-01	6.89218e-01	6.89218e-01	[	1.17971e+00	5.94141e-01	-2.64304e+00
[	6.89282e-01	6.89282e-01	6.89282e-01	6.89282e-01	6.89282e-01	[	1.17999e+00	5.93926e-01	-2.64281e+00
[	6.89349e-01	6.89349e-01	6.89349e-01	6.89349e-01	6.89349e-01	[	1.18028e+00	5.93705e-01	-2.64258e+00
[	6.89414e-01	6.89414e-01	6.89414e-01	6.89414e-01	6.89414e-01	[	1.18057e+00	5.93480e-01	-2.64233e+00
[	6.89473e-01	6.89473e-01	6.89473e-01	6.89473e-01	6.89473e-01	[	1.18086e+00	5.93248e-01	-2.64208e+00
[	6.89529e-01	6.89529e-01	6.89529e-01	6.89529e-01	6.89529e-01	[	1.18117e+00	5.93011e-01	-2.64181e+00
[	6.89585e-01	6.89585e-01	6.89585e-01	6.89585e-01	6.89585e-01	[	1.18148e+00	5.92768e-01	-2.64152e+00
[	6.89643e-01	6.89643e-01	6.89643e-01	6.89643e-01	6.89643e-01	[	1.18181e+00	5.92519e-01	-2.64122e+00
[	6.89701e-01	6.89701e-01	6.89701e-01	6.89701e-01	6.89701e-01	[	1.18214e+00	5.92263e-01	-2.64091e+00
[	6.89759e-01	6.89759e-01	6.89759e-01	6.89759e-01	6.89759e-01	[	1.18248e+00	5.92000e-01	-2.64059e+00
[	6.89815e-01	6.89815e-01	6.89815e-01	6.89815e-01	6.89815e-01	[	1.18282e+00	5.91729e-01	-2.64025e+00
[	6.89869e-01	6.89869e-01	6.89869e-01	6.89869e-01	6.89869e-01	[	1.18319e+00	5.91450e-01	-2.63988e+00
[	6.89920e-01	6.89920e-01	6.89920e-01	6.89920e-01	6.89920e-01	[	1.18356e+00	5.91163e-01	-2.63950e+00
[	6.89969e-01	6.89969e-01	6.89969e-01	6.89969e-01	6.89969e-01	[	1.18394e+00	5.90867e-01	-2.63911e+00
[	6.90017e-01	6.90017e-01	6.90017e-01	6.90017e-01	6.90017e-01	[	1.18433e+00	5.90563e-01	-2.63869e+00
[	6.90066e-01	6.90066e-01	6.90066e-01	6.90066e-01	6.90066e-01	[	1.18474e+00	5.90249e-01	-2.63826e+00
[	6.90115e-01	6.90115e-01	6.90115e-01	6.90115e-01	6.90115e-01	[	1.18515e+00	5.89924e-01	-2.63780e+00
[	6.90161e-01	6.90161e-01	6.90161e-01	6.90161e-01	6.90161e-01	[	1.18558e+00	5.89589e-01	-2.63732e+00
[	6.90205e-01	6.90205e-01	6.90205e-01	6.90205e-01	6.90205e-01	[	1.18603e+00	5.89243e-01	-2.63682e+00
[	6.90249e-01	6.90249e-01	6.90249e-01	6.90249e-01	6.90249e-01	[	1.18649e+00	5.88886e-01	-2.63629e+00
[	6.90293e-01	6.90293e-01	6.90293e-01	6.90293e-01	6.90293e-01	[	1.18697e+00	5.88516e-01	-2.63574e+00
[	6.90337e-01	6.90337e-01	6.90337e-01	6.90337e-01	6.90337e-01	[	1.18747e+00	5.88133e-01	-2.63517e+00
[	6.90378e-01	6.90378e-01	6.90378e-01	6.90378e-01	6.90378e-01	[	1.18798e+00	5.87736e-01	-2.63456e+00
[	6.90417e-01	6.90417e-01	6.90417e-01	6.90417e-01	6.90417e-01	[	1.18851e+00	5.87325e-01	-2.63393e+00
[	6.90455e-01	6.90455e-01	6.90455e-01	6.90455e-01	6.90455e-01	[	1.18906e+00	5.86900e-01	-2.63326e+00
[	6.90490e-01	6.90490e-01	6.90490e-01	6.90490e-01	6.90490e-01	[	1.18963e+00	5.86458e-01	-2.63257e+00
[	6.90523e-01	6.90523e-01	6.90523e-01	6.90523e-01	6.90523e-01	[	1.19022e+00	5.86001e-01	-2.63184e+00
[	6.90554e-01	6.90554e-01	6.90554e-01	6.90554e-01	6.90554e-01	[	1.19082e+00	5.85526e-01	-2.63108e+00
[	6.90584e-01	6.90584e-01	6.90584e-01	6.90584e-01	6.90584e-01	[	1.19146e+00	5.85033e-01	-2.63028e+00
[	6.90615e-01	6.90615e-01	6.90615e-01	6.90615e-01	6.90615e-01	[	1.19212e+00	5.84521e-01	-2.62945e+00
[	6.90646e-01	6.90646e-01	6.90646e-01	6.90646e-01	6.90646e-01	[	1.19281e+00	5.83989e-01	-2.62858e+00
[	6.90675e-01	6.90675e-01	6.90675e-01	6.90675e-01	6.90675e-01	[	1.19352e+00	5.83437e-01	-2.62767e+00
[	6.90700e-01	6.90700e-01	6.90700e-01	6.90700e-01	6.90700e-01	[	1.19426e+00	5.82863e-01	-2.62671e+00
[	6.90724e-01	6.90724e-01	6.90724e-01	6.90724e-01	6.90724e-01	[	1.19502e+00	5.82266e-01	-2.62570e+00
[	6.90745e-01	6.90745e-01	6.90745e-01	6.90745e-01	6.90745e-01	[	1.19582e+00	5.81645e-01	-2.62465e+00
[	6.90768e-01	6.90768e-01	6.90768e-01	6.90768e-01	6.90768e-01	[	1.19665e+00	5.80999e-01	-2.62355e+00
[	6.90791e-01	6.90791e-01	6.90791e-01	6.90791e-01	6.90791e-01	[	1.19751e+00	5.80327e-01	-2.62239e+00
[	6.90811e-01	6.90811e-01	6.90811e-01	6.90811e-01	6.90811e-01	[	1.19841e+00	5.79627e-01	-2.62119e+00
[	6.90825e-01	6.90825e-01	6.90825e-01	6.90825e-01	6.90825e-01	[	1.19935e+00	5.78899e-01	-2.61993e+00
[	6.90837e-01	6.90837e-01	6.90837e-01	6.90837e-01	6.90837e-01	[	1.20033e+00	5.78140e-01	-2.61861e+00
[	6.90851e-01	6.90851e-01	6.90851e-01	6.90851e-01	6.90851e-01	[	1.20135e+00	5.77350e-01	-2.61723e+00
[	6.90865e-01	6.90865e-01	6.90865e-01	6.90865e-01	6.90865e-01	[	1.20240e+00	5.76527e-01	-2.61579e+00
[	6.90874e-01	6.90874e-01	6.90874e-01	6.90874e-01	6.90874e-01	[	1.20350e+00	5.75669e-01	-2.61427e+00
[	6.90877e-01	6.90877e-01	6.90877e-01	6.90877e-01	6.90877e-01	[	1.20465e+00	5.74775e-01	-2.61269e+00
[	6.90881e-01	6.90881e-01	6.90881e-01	6.90881e-01	6.90881e-01	[	1.20584e+00	5.73844e-01	-2.61103e+00
[	6.90887e-01	6.90887e-01	6.90887e-01	6.90887e-01	6.90887e-01	[	1.20708e+00	5.72873e-01	-2.60929e+00
[	6.90890e-01	6.90890e-01	6.90890e-01	6.90890e-01	6.90890e-01	[	1.20838e+00	5.71861e-01	-2.60748e+00
[	6.90887e-01	6.90887e-01	6.90887e-01	6.90887e-01	6.90887e-01	[	1.20973e+00	5.70805e-01	-2.60559e+00
[	6.90881e-01	6.90881e-01	6.90881e-01	6.90881e-01	6.90881e-01	[	1.21114e+00	5.69704e-01	-2.60360e+00
[	6.90877e-01	6.90877e-01	6.90877e-01	6.90877e-01	6.90877e-01	[	1.21261e+00	5.68557e-01	-2.60153e+00
[	6.90873e-01	6.90873e-01	6.90873e-01	6.90873e-01	6.90873e-01	[	1.21415e+00	5.67359e-01	-2.59935e+00
[	6.90866e-01	6.90866e-01	6.90866e-01	6.90866e-01	6.90866e-01	[	1.21574e+00	5.66111e-01	-2.59708e+00
[	6.90853e-01	6.90853e-01	6.90853e-01	6.90853e-01	6.90853e-01	[	1.21741e+00	5.64808e-01	-2.59470e+00
[	6.90837e-01	6.90837e-01	6.90837e-01	6.90837e-01	6.90837e-01	[	1.21915e+00	5.63449e-01	-2.59221e+00
[	6.90820e-01	6.90820e-01	6.90820e-01	6.90820e-01	6.90820e-01	[	1.22096e+00	5.62031e-01	-2.58962e+00
[	6.90801e-01	6.90801e-01	6.90801e-01	6.90801e-01	6.90801e-01	[	1.22285e+00	5.60552e-01	-2.58690e+00
[	6.90781e-01	6.90781e-01	6.90781e-01	6.90781e-01	6.90781e-01	[	1.22482e+00	5.59009e-01	-2.58405e+00
[	6.90759e-01	6.90759e-01	6.90759e-01	6.90759e-01	6.90759e-01	[	1.22687e+00	5.57400e-01	-2.58107e+00
[	6.90731e-01	6.90731e-01	6.90731e-01	6.90731e-01	6.90731e-01	[	1.22901e+00	5.55721e-01	-2.57796e+00
[	6.90700e-01	6.90700e-01	6.90700e-01	6.90700e-01	6.90700e-01	[	1.23124e+00	5.53970e-01	-2.57470e+00
[	6.90667e-01	6.90667e-01	6.90667e-01	6.90667e-01	6.90667e-01	[	1.23356e+00	5.52144e-01	-2.57130e+00
[	6.90633e-01	6.90633e-01	6.90633e-01	6.90633e-01	6.90633e-01	[	1.23599e+00	5.50240e-01	-2.56775e+00
[	6.90595e-01	6.90595e-01	6.90595e-01	6.90595e-01	6.90595e-01	[	1.23851e+00	5.48255e-01	-2.56404e+00
[	6.90549e-01	6.90549e-01	6.90549e-01	6.90549e-01	6.90549e-01	[	1.24114e+00	5.46186e-01	-2.56015e+00
[	6.90497e-01	6.90497e-01	6.90497e-01	6.90497e-01	6.90497e-01	[	1.24388e+00	5.44031e-01	-2.55609e+00
[	6.90438e-01	6.90438e-01	6.90438e-01	6.90438e-01	6.90438e-01	[	1.24672e+00	5.41788e-01	-2.55184e+00
[	6.90370e-01	6.90370e-01	6.90370e-01	6.90370e-01	6.90370e-01	[	1.24968e+00	5.39456e-01	-2.54739e+00
[	6.90291e-01	6.90291e-01	6.90291e-01	6.90291e-01	6.90291e-01	[	1.25274e+00	5.37034e-01	-2.54275e+00
[	6.90195e-01	6.90195e-01	6.90195e-01	6.90195e-01	6.90195e-01	[	1.25592e+00	5.34523e-01	-2.53790e+00
[	6.90078e-01	6.90078e-01	6.90078e-01	6.90078e-01	6.90078e-01	[	1.25921e+00	5.31926e-01	-2.53284e+00
[	6.89930e-01	6.89930e-01	6.89930e-01	6.89930e-01	6.89930e-01	[	1.26259e+00	5.29253e-01	-2.52754e+00
[	6.89735e-01	6.89735e-01	6.89735e-01	6.89735e-01	6.89735e-01	[	1.26604e+00	5.26516e-01	-2.52201e+00
[	6.89477e-01	6.89477e-01	6.89477e-01	6.89477e-01	6.89477e-01	[	1.26955e+00	5.23734e-01	-2.51624e+00
[	6.89124e-01	6.89124e-01	6.89124e-01	6.89124e-01	6.89124e-01	[	1.27306e+00	5.20944e-01	-2.51020e+00
[	6.88642e-01	6.88642e-01	6.88642e-01	6.88642e-01	6.88642e-01	[	1.27653e+00	5.18191e-01	-2.50389e+00
[	6.87960e-01	6.87960e-01	6.87960e-01	6.87960e-01	6.87960e-01	[	1.27984e+00	5.15562e-01	-2.49730e+00
[	6.86991e-01	6.86991e-01	6.86991e-01	6.86991e-01	6.86991e-01	[	1.28285e+00	5.13166e-01	-2.49042e+00
[	6.85589e-01	6.85589e-01	6.85589e-01	6.85589e-01	6.85589e-01	[	1.28533e+00	5.11193e-01	-2.48324e+00
[	6.83553e-01	6.83553e-01	6.83553e-01	6.83553e-01	6.83553e-01	[	1.28695e+00	5.09902e-01	-2.47575e+00
[	6.80591e-01	6.80591e-01	6.80591e-01	6.80591e-01	6.80591e-01	[	1.28723e+00	5.09680e-01	-2.46793e+00
[	6.76240e-01	6.76240e-01	6.76240e-01	6.76240e-01	6.76240e-01	[	1.28540e+00	5.11135e-01	-2.45976e+00
[	6.69927e-01	6.69927e-01	6.69927e-01	6.69927e-01	6.69927e-01	[	1.28050e+00	5.15034e-01	-2.45124e+00
[	6.60710e-01	6.60710e-01	6.60710e-01	6.60710e-01	6.60710e-01	[	1.27089e+00	5.22669e-01	-2.44235e+00
[	6.47509e-01	6.47509e-01	6.47509e-01	6.47509e-01	6.47509e-01	[	1.25464e+00	5.35542e-01	-2.43309e+00
[	6.28807e-01	6.28807e-01	6.28807e-01	6.28807e-01	6.28807e-01	[	1.22880e+00	5.55889e-01	-2.42344e+00
[	6.02873e-01	6.02873e-01	6.02873e-01	6.02873e-01	6.02873e-01	[	1.18981e+00	5.86340e-01	-2.41339e+00
[	5.68449e-01	5.68449e-01	5.68449e-01	5.68449e-01	5.68449e-01	[	1.13376e+00	6.29481e-01	-2.40293e+00
[	5.24806e-01	5.24806e-01	5.24806e-01	5.24806e-01	5.24806e-01	[	1.05634e+00	6.87839e-01	-2.39206e+00
[	4.73138e-01	4.73138e-01	4.73138e-01	4.73138e-01	4.73138e-01	[	9.54628e-01	7.62278e-01	-2.38080e+00
[	4.18873e-01	4.18873e-01	4.18873e-01	4.18873e-01	4.18873e-01	[	8.28893e-01	8.49949e-01	-2.36914e+00
[	3.68663e-01	3.68663e-01	3.68663e-01	3.68663e-01	3.68663e-01	[	6.80883e-01	9.46654e-01	-2.35711e+00
[	3.32354e-01	3.32354e-01	3.32354e-01	3.32354e-01	3.32354e-01	[	5.17465e-01	1.04405e+00	-2.34474e+00
[	3.20321e-01	3.20321e-01	3.20321e-01	3.20321e-01	3.20321e-01	[	3.47033e-01	1.13275e+00	-2.33209e+00
[	3.37766e-01	3.37766e-01	3.37766e-01	3.37766e-01	3.37766e-01	[	1.77490e-01	1.20623e+00	-2.31923e+00
[	3.86446e-01	3.86446e-01	3.86446e-01	3.86446e-01	3.86446e-01	[	1.63707e-02	1.25986e+00	-2.30625e+00
[	4.64023e-01	4.64023e-01	4.64023e-01	4.64023e-01	4.64023e-01	[	-1.31091e-01	1.29220e+00	-2.29324e+00
[	5.62898e-01	5.62898e-01	5.62898e-01	5.62898e-01	5.62898e-01	[	-2.62641e-01	1.30595e+00	-2.28030e+00
[	6.75171e-01	6.75171e-01	6.75171e-01	6.75171e-01	6.75171e-01	[	-3.76981e-01	1.30443e+00	-2.26756e+00
[	7.93055e-01	7.93055e-01	7.93055e-01	7.93055e-01	7.93055e-01	[	-4.74867e-01	1.29194e+00	-2.25512e+00
[	9.09266e-01	9.09266e-01	9.09266e-01	9.09266e-01	9.09266e-01	[	-5.57481e-01	1.27275e+00	-2.24308e+00
[	1.01940e+00	1.01940e+00	1.01940e+00	1.01940e+00	1.01940e+00	[	-6.26527e-01	1.24990e+00	-2.23153e+00
[	1.12023e+00	1.12023e+00	1.12023e+00	1.12023e+00	1.12023e+00	[	-6.83897e-01	1.22597e+00	-2.22056e+00
[	1.21033e+00	1.21033e+00	1.21033e+00	1.21033e+00	1.21033e+00	[	-7.31359e-01	1.20257e+00	-2.21024e+00
[	1.28964e+00	1.28964e+00	1.28964e+00	1.28964e+00	1.28964e+00	[	-7.70588e-01	1.18060e+00	-2.20063e+00
[	1.35875e+00	1.35875e+00	1.35875e+00	1.35875e+00	1.35875e+00	[	-8.03147e-01	1.16056e+00	-2.19179e+00
[	1.41919e+00	1.41919e+00	1.41919e+00	1.41919e+00	1.41919e+00	[	-8.30428e-01	1.14238e+00	-2.18375e+00
[	1.47245e+00	1.47245e+00	1.47245e+00	1.47245e+00	1.47245e+00	[	-8.53662e-01	1.12593e+00	-2.17656e+00
[	1.51954e+00	1.51954e+00	1.51954e+00	1.51954e+00	1.51954e+00	[	-8.73596e-01	1.11108e+00	-2.17026e+00
[	1.56175e+00	1.56175e+00	1.56175e+00	1.56175e+00	1.56175e+00	[	-8.90993e-01	1.09759e+00	-2.16487e+00
[	1.60311e+00	1.60311e+00	1.60311e+00	1.60311e+00	1.60311e+00	[	-9.07470e-01	1.08427e+00	-2.16042e+00
[	1.64869e+00	1.64869e+00	1.64869e+00	1.64869e+00	1.64869e+00	[	-9.24949e-01	1.06952e+00	-2.15693e+00
[	1.69970e+00	1.69970e+00	1.69970e+00	1.69970e+00	1.69970e+00	[	-9.43875e-01	1.05298e+00	-2.15442e+00
[	1.75378e+00	1.75378e+00	1.75378e+00	1.75378e+00	1.75378e+00	[	-9.63335e-01	1.03536e+00	-2.15295e+00
[	1.80848e+00	1.80848e+00	1.80848e+00	1.80848e+00	1.80848e+00	[	-9.82364e-01	1.01745e+00	-2.15254e+00
[	1.86130e+00	1.86130e+00	1.86130e+00	1.86130e+00	1.86130e+00	[	-1.00000e+00	9.99999e-01	-2.15324e+00
