[	6.18660e-01	4.38890e-01	1.14080e+00	5.75830e-01	4.26810e-02	]	-1.00000e+00	1.00000e+00	1.58341e-01
[	6.14640e-01	4.35140e-01	1.13580e+00	5.71900e-01	3.97650e-02	]	-9.98145e-01	1.00108e+00	1.58341e-01
[	6.10550e-01	4.31170e-01	1.13060e+00	5.67980e-01	3.70040e-02	]	-9.96155e-01	1.00224e+00	1.59406e-01
[	6.06740e-01	4.27280e-01	1.12570e+00	5.64380e-01	3.46340e-02	]	-9.94184e-01	1.00337e+00	1.61508e-01
[	6.02990e-01	4.23280e-01	1.12080e+00	5.60910e-01	3.25010e-02	]	-9.92141e-01	1.00455e+00	1.64625e-01
[	5.99240e-01	4.19130e-01	1.11580e+00	5.57510e-01	3.05610e-02	]	-9.90002e-01	1.00577e+00	1.68741e-01
[	5.95430e-01	4.14760e-01	1.11060e+00	5.54100e-01	2.87590e-02	]	-9.87734e-01	1.00707e+00	1.73844e-01
[	5.91490e-01	4.10100e-01	1.10520e+00	5.50620e-01	2.70450e-02	]	-9.85306e-01	1.00846e+00	1.79929e-01
[	5.87350e-01	4.05100e-01	1.09940e+00	5.47010e-01	2.53640e-02	]	-9.82685e-01	1.00996e+00	1.86992e-01
[	5.82920e-01	3.99670e-01	1.09320e+00	5.43180e-01	2.36610e-02	]	-9.79834e-01	1.01160e+00	1.95033e-01
[	5.78130e-01	3.93740e-01	1.08650e+00	5.39050e-01	2.18740e-02	]	-9.76712e-01	1.01339e+00	2.04057e-01
[	5.72880e-01	3.87230e-01	1.07920e+00	5.34540e-01	1.99410e-02	]	-9.73274e-01	1.01537e+00	2.14069e-01
[	5.67090e-01	3.80050e-01	1.07100e+00	5.29550e-01	1.77920e-02	]	-9.69473e-01	1.01756e+00	2.25075e-01
[	5.60630e-01	3.72090e-01	1.06200e+00	5.23990e-01	1.53520e-02	]	-9.65254e-01	1.02000e+00	2.37084e-01
[	5.53420e-01	3.63250e-01	1.05200e+00	5.17730e-01	1.25400e-02	]	-9.60557e-01	1.02271e+00	2.50103e-01
[	5.45310e-01	3.53420e-01	1.04070e+00	5.10670e-01	9.26890e-03	]	-9.55317e-01	1.02572e+00	2.64140e-01
[	5.36170e-01	3.42460e-01	1.02810e+00	5.02670e-01	5.44300e-03	]	-9.49458e-01	1.02908e+00	2.79201e-01
[	5.25870e-01	3.30260e-01	1.01400e+00	4.93600e-01	9.60740e-04	]	-9.42899e-01	1.03282e+00	2.95288e-01
[	5.14260e-01	3.16660e-01	9.98140e-01	4.83300e-01	-4.28620e-03	]	-9.35551e-01	1.03698e+00	3.12401e-01
[	5.01160e-01	3.01520e-01	9.80370e-01	4.71620e-01	-1.04120e-02	]	-9.27314e-01	1.04159e+00	3.30536e-01
[	4.86430e-01	2.84690e-01	9.60460e-01	4.58410e-01	-1.75360e-02	]	-9.18077e-01	1.04668e+00	3.49680e-01
[	4.69890e-01	2.66020e-01	9.38220e-01	4.43480e-01	-2.57770e-02	]	-9.07723e-01	1.05230e+00	3.69816e-01
[	4.51370e-01	2.45350e-01	9.13420e-01	4.26690e-01	-3.52570e-02	]	-8.96122e-01	1.05846e+00	3.90917e-01
[	4.30710e-01	2.22560e-01	8.85870e-01	4.07870e-01	-4.60880e-02	]	-8.83136e-01	1.06519e+00	4.12945e-01
[	4.07770e-01	1.97500e-01	8.55370e-01	3.86880e-01	-5.83730e-02	]	-8.68617e-01	1.07248e+00	4.35852e-01
[	3.82420e-01	1.70100e-01	8.21770e-01	3.63600e-01	-7.21980e-02	]	-8.52412e-01	1.08033e+00	4.59576e-01
[	3.54580e-01	1.40260e-01	7.84950e-01	3.37930e-01	-8.76200e-02	]	-8.34363e-01	1.08871e+00	4.84041e-01
[	3.24210e-01	1.08000e-01	7.44840e-01	3.09840e-01	-1.04660e-01	]	-8.14314e-01	1.09755e+00	5.09153e-01
[	2.91330e-01	7.33390e-02	7.01450e-01	2.79340e-01	-1.23300e-01	]	-7.92113e-01	1.10676e+00	5.34803e-01
[	2.56040e-01	3.64120e-02	6.54900e-01	2.46530e-01	-1.43450e-01	]	-7.67624e-01	1.11622e+00	5.60863e-01
[	2.18530e-01	-2.57370e-03	6.05380e-01	2.11580e-01	-1.64960e-01	]	-7.40734e-01	1.12577e+00	5.87184e-01
[	1.79090e-01	-4.33040e-02	5.53250e-01	1.74780e-01	-1.87610e-01	]	-7.11366e-01	1.13520e+00	6.13601e-01
[	1.38140e-01	-8.53570e-02	4.98990e-01	1.36520e-01	-2.11090e-01	]	-6.79499e-01	1.14427e+00	6.39928e-01
[	9.61890e-02	-1.28200e-01	4.43230e-01	9.73040e-02	-2.35020e-01	]	-6.45180e-01	1.15272e+00	6.65961e-01
[	5.38850e-02	-1.71200e-01	3.86740e-01	5.77380e-02	-2.58930e-01	]	-6.08553e-01	1.16024e+00	6.91480e-01
[	1.19500e-02	-2.13630e-01	3.30420e-01	1.85190e-02	-2.82310e-01	]	-5.69877e-01	1.16657e+00	7.16252e-01
[	-2.88310e-02	-2.54720e-01	2.75250e-01	-1.95960e-02	-3.04630e-01	]	-5.29554e-01	1.17145e+00	7.40033e-01
[	-6.76490e-02	-2.93690e-01	2.22290e-01	-5.58380e-02	-3.25380e-01	]	-4.88149e-01	1.17470e+00	7.62573e-01
[	-1.03730e-01	-3.29780e-01	1.72550e-01	-8.94700e-02	-3.44070e-01	]	-4.46403e-01	1.17622e+00	7.83621e-01
[	-1.36380e-01	-3.62340e-01	1.27000e-01	-1.19840e-01	-3.60370e-01	]	-4.05245e-01	1.17607e+00	8.02930e-01
[	-1.65060e-01	-3.90850e-01	8.64640e-02	-1.46440e-01	-3.74030e-01	]	-3.65771e-01	1.17442e+00	8.20263e-01
[	-1.89380e-01	-4.14960e-01	5.15810e-02	-1.68920e-01	-3.85000e-01	]	-3.29218e-01	1.17165e+00	8.35399e-01
[	-2.09140e-01	-4.34510e-01	2.28000e-02	-1.87130e-01	-3.93390e-01	]	-2.96895e-01	1.16823e+00	8.48139e-01
[	-2.24310e-01	-4.49500e-01	3.73590e-04	-2.01050e-01	-3.99420e-01	]	-2.70104e-01	1.16472e+00	8.58311e-01
[	-2.34970e-01	-4.60030e-01	-1.56010e-02	-2.10800e-01	-4.03390e-01	]	-2.50026e-01	1.16172e+00	8.65777e-01
[	-2.41260e-01	-4.66260e-01	-2.51230e-02	-2.16520e-01	-4.05590e-01	]	-2.37612e-01	1.15972e+00	8.70432e-01
[	-2.43290e-01	-4.68310e-01	-2.82240e-02	-2.18350e-01	-4.06230e-01	]	-2.33478e-01	1.15905e+00	8.72212e-01
[	-2.41090e-01	-4.66220e-01	-2.49220e-02	-2.16320e-01	-4.05390e-01	]	-2.37831e-01	1.15985e+00	8.71094e-01
[	-2.34630e-01	-4.59950e-01	-1.51990e-02	-2.10400e-01	-4.02990e-01	]	-2.50449e-01	1.16197e+00	8.67094e-01
[	-2.23800e-01	-4.49370e-01	9.74720e-04	-2.00440e-01	-3.98820e-01	]	-2.70702e-01	1.16507e+00	8.60272e-01
[	-2.08450e-01	-4.34330e-01	2.35960e-02	-1.86310e-01	-3.92580e-01	]	-2.97630e-01	1.16864e+00	8.50725e-01
[	-1.88510e-01	-4.14720e-01	5.25610e-02	-1.67900e-01	-3.83970e-01	]	-3.30045e-01	1.17211e+00	8.38586e-01
[	-1.64030e-01	-3.90550e-01	8.76110e-02	-1.45220e-01	-3.72780e-01	]	-3.66642e-01	1.17489e+00	8.24022e-01
[	-1.35200e-01	-3.61990e-01	1.28290e-01	-1.18440e-01	-3.58910e-01	]	-4.06114e-01	1.17652e+00	8.07226e-01
[	-1.02420e-01	-3.29400e-01	1.73940e-01	-8.79190e-02	-3.42420e-01	]	-4.47227e-01	1.17665e+00	7.88414e-01
[	-6.62510e-02	-2.93290e-01	2.23740e-01	-5.41690e-02	-3.23560e-01	]	-4.88891e-01	1.17508e+00	7.67817e-01
[	-2.73790e-02	-2.54330e-01	2.76720e-01	-1.78480e-02	-3.02680e-01	]	-5.30184e-01	1.17178e+00	7.45679e-01
[	1.34140e-02	-2.13280e-01	3.31840e-01	2.03040e-02	-2.80250e-01	]	-5.70369e-01	1.16685e+00	7.22246e-01
[	5.53190e-02	-1.70910e-01	3.88070e-01	5.95130e-02	-2.56800e-01	]	-6.08889e-01	1.16046e+00	6.97764e-01
[	9.75490e-02	-1.28010e-01	4.44420e-01	9.90230e-02	-2.32870e-01	]	-6.45347e-01	1.15288e+00	6.72473e-01
[	1.39380e-01	-8.52950e-02	5.00000e-01	1.38140e-01	-2.08970e-01	]	-6.79488e-01	1.14439e+00	6.46603e-01
[	1.80180e-01	-4.33940e-02	5.54030e-01	1.76260e-01	-1.85550e-01	]	-7.11174e-01	1.13527e+00	6.20371e-01
[	2.19420e-01	-2.83930e-03	6.05890e-01	2.12870e-01	-1.63010e-01	]	-7.40357e-01	1.12581e+00	5.93976e-01
[	2.56710e-01	3.59510e-02	6.55090e-01	2.47600e-01	-1.41630e-01	]	-7.67062e-01	1.11623e+00	5.67601e-01
[	2.91740e-01	7.26680e-02	7.01310e-01	2.80150e-01	-1.21670e-01	]	-7.91368e-01	1.10675e+00	5.41409e-01
[	3.24330e-01	1.07100e-01	7.44330e-01	3.10360e-01	-1.03250e-01	]	-8.13388e-01	1.09752e+00	5.15545e-01
[	3.54390e-01	1.39130e-01	7.84050e-01	3.38120e-01	-8.64610e-02	]	-8.33258e-01	1.08867e+00	4.90132e-01
[	3.81880e-01	1.68710e-01	8.20450e-01	3.63430e-01	-7.13320e-02	]	-8.51131e-01	1.08029e+00	4.65277e-01
[	4.06860e-01	1.95860e-01	8.53610e-01	3.86330e-01	-5.78400e-02	]	-8.67162e-01	1.07244e+00	4.41069e-01
[	4.29400e-01	2.20650e-01	8.83630e-01	4.06900e-01	-4.59260e-02	]	-8.81508e-01	1.06515e+00	4.17580e-01
[	4.49630e-01	2.43160e-01	9.10690e-01	4.25260e-01	-3.55090e-02	]	-8.94322e-01	1.05844e+00	3.94865e-01
[	4.67690e-01	2.63530e-01	9.34960e-01	4.41560e-01	-2.64890e-02	]	-9.05750e-01	1.05229e+00	3.72969e-01
[	4.83740e-01	2.81900e-01	9.56650e-01	4.55940e-01	-1.87540e-02	]	-9.15930e-01	1.04670e+00	3.51922e-01
[	4.97940e-01	2.98410e-01	9.75960e-01	4.68580e-01	-1.21900e-02	]	-9.24987e-01	1.04163e+00	3.31743e-01
[	5.10450e-01	3.13200e-01	9.93100e-01	4.79620e-01	-6.68150e-03	]	-9.33041e-01	1.03706e+00	3.12443e-01
[	5.21440e-01	3.26440e-01	1.00830e+00	4.89230e-01	-2.11490e-03	]	-9.40199e-01	1.03295e+00	2.94023e-01
[	5.31060e-01	3.38250e-01	1.02170e+00	4.97550e-01	1.61740e-03	]	-9.46557e-01	1.02927e+00	2.76478e-01
[	5.39450e-01	3.48780e-01	1.03350e+00	5.04720e-01	4.61640e-03	]	-9.52204e-01	1.02598e+00	2.59798e-01
[	5.46740e-01	3.58150e-01	1.04380e+00	5.10880e-01	6.97590e-03	]	-9.57220e-01	1.02304e+00	2.43967e-01
[	5.53070e-01	3.66480e-01	1.05290e+00	5.16140e-01	8.78130e-03	]	-9.61675e-01	1.02043e+00	2.28963e-01
[	5.58540e-01	3.73890e-01	1.06090e+00	5.20620e-01	1.01100e-02	]	-9.65633e-01	1.01810e+00	2.14765e-01
[	5.63250e-01	3.80460e-01	1.06790e+00	5.24400e-01	1.10320e-02	]	-9.69149e-01	1.01604e+00	2.01346e-01
[	5.67300e-01	3.86290e-01	1.07400e+00	5.27580e-01	1.16100e-02	]	-9.72276e-01	1.01421e+00	1.88678e-01
[	5.70770e-01	3.91470e-01	1.07930e+00	5.30240e-01	1.18970e-02	]	-9.75056e-01	1.01259e+00	1.76734e-01
[	5.73730e-01	3.96060e-01	1.08390e+00	5.32440e-01	1.19430e-02	]	-9.77531e-01	1.01115e+00	1.65482e-01
[	5.76250e-01	4.00130e-01	1.08790e+00	5.34260e-01	1.17890e-02	]	-9.79735e-01	1.00988e+00	1.54892e-01
[	5.78390e-01	4.03740e-01	1.09140e+00	5.35740e-01	1.14730e-02	]	-9.81698e-01	1.00876e+00	1.44935e-01
[	5.80190e-01	4.06940e-01	1.09440e+00	5.36930e-01	1.10260e-02	]	-9.83449e-01	1.00776e+00	1.35580e-01
[	5.81710e-01	4.09780e-01	1.09710e+00	5.37880e-01	1.04760e-02	]	-9.85012e-01	1.00689e+00	1.26796e-01
[	5.82980e-01	4.12310e-01	1.09940e+00	5.38610e-01	9.84540e-03	]	-9.86409e-01	1.00611e+00	1.18554e-01
[	5.84040e-01	4.14550e-01	1.10130e+00	5.39180e-01	9.15490e-03	]	-9.87657e-01	1.00542e+00	1.10826e-01
[	5.84920e-01	4.16540e-01	1.10300e+00	5.39590e-01	8.42140e-03	]	-9.88775e-01	1.00482e+00	1.03584e-01
[	5.85640e-01	4.18310e-01	1.10450e+00	5.39870e-01	7.65920e-03	]	-9.89777e-01	1.00428e+00	9.68001e-02
[	5.86220e-01	4.19880e-01	1.10580e+00	5.40050e-01	6.88010e-03	]	-9.90675e-01	1.00380e+00	9.04488e-02
[	5.86690e-01	4.21280e-01	1.10690e+00	5.40150e-01	6.09400e-03	]	-9.91482e-01	1.00338e+00	8.45049e-02
[	5.87060e-01	4.22530e-01	1.10780e+00	5.40170e-01	5.30920e-03	]	-9.92208e-01	1.00301e+00	7.89446e-02
[	5.87360e-01	4.23650e-01	1.10860e+00	5.40140e-01	4.53230e-03	]	-9.92861e-01	1.00268e+00	7.37449e-02
[	5.87580e-01	4.24640e-01	1.10930e+00	5.40060e-01	3.76870e-03	]	-9.93450e-01	1.00239e+00	6.88841e-02
[	5.87740e-01	4.25530e-01	1.10990e+00	5.39940e-01	3.02260e-03	]	-9.93981e-01	1.00213e+00	6.43413e-02
[	5.87860e-01	4.26320e-01	1.11050e+00	5.39790e-01	2.29740e-03	]	-9.94462e-01	1.00191e+00	6.00970e-02
[	5.87930e-01	4.27040e-01	1.11090e+00	5.39620e-01	1.59560e-03	]	-9.94897e-01	1.00170e+00	5.61323e-02
[	5.87980e-01	4.27680e-01	1.11130e+00	5.39440e-01	9.18960e-04	]	-9.95291e-01	1.00152e+00	5.24298e-02
[	5.87990e-01	4.28250e-01	1.11160e+00	5.39240e-01	2.68830e-04	]	-9.95648e-01	1.00136e+00	4.89726e-02
[	5.87990e-01	4.28770e-01	1.11190e+00	5.39040e-01	-3.54010e-04	]	-9.95973e-01	1.00122e+00	4.57451e-02
[	5.87960e-01	4.29230e-01	1.11210e+00	5.38830e-01	-9.49150e-04	]	-9.96269e-01	1.00110e+00	4.27325e-02
[	5.87920e-01	4.29650e-01	1.11230e+00	5.38620e-01	-1.51650e-03	]	-9.96539e-01	1.00099e+00	3.99207e-02
[	5.87870e-01	4.30030e-01	1.11250e+00	5.38410e-01	-2.05620e-03	]	-9.96785e-01	1.00089e+00	3.72968e-02
[	5.87820e-01	4.30370e-01	1.11260e+00	5.38200e-01	-2.56880e-03	]	-9.97010e-01	1.00080e+00	3.48483e-02
[	5.87750e-01	4.30680e-01	1.11270e+00	5.38000e-01	-3.05470e-03	]	-9.97216e-01	1.00072e+00	3.25637e-02
[	5.87680e-01	4.30960e-01	1.11290e+00	5.37800e-01	-3.51460e-03	]	-9.97405e-01	1.00065e+00	3.04321e-02
[	5.87610e-01	4.31220e-01	1.11290e+00	5.37610e-01	-3.94940e-03	]	-9.97578e-01	1.00059e+00	2.84435e-02
[	5.87540e-01	4.31450e-01	1.11300e+00	5.37430e-01	-4.35990e-03	]	-9.97738e-01	1.00053e+00	2.65882e-02
[	5.87470e-01	4.31660e-01	1.11310e+00	5.37250e-01	-4.74710e-03	]	-9.97885e-01	1.00048e+00	2.48574e-02
[	5.87390e-01	4.31850e-01	1.11310e+00	5.37080e-01	-5.11180e-03	]	-9.98020e-01	1.00044e+00	2.32427e-02
[	5.87320e-01	4.32030e-01	1.11320e+00	5.36910e-01	-5.45520e-03	]	-9.98145e-01	1.00040e+00	2.17363e-02
[	5.87250e-01	4.32190e-01	1.11320e+00	5.36760e-01	-5.77820e-03	]	-9.98260e-01	1.00036e+00	2.03310e-02
[	5.87180e-01	4.32340e-01	1.11330e+00	5.36610e-01	-6.08180e-03	]	-9.98366e-01	1.00033e+00	1.90200e-02
[	5.87120e-01	4.32470e-01	1.11330e+00	5.36470e-01	-6.36690e-03	]	-9.98465e-01	1.00030e+00	1.77969e-02
[	5.87060e-01	4.32600e-01	1.11330e+00	5.36340e-01	-6.63450e-03	]	-9.98557e-01	1.00028e+00	1.66558e-02
[	5.86990e-01	4.32710e-01	1.11330e+00	5.36220e-01	-6.88550e-03	]	-9.98642e-01	1.00026e+00	1.55911e-02
[	5.86940e-01	4.32820e-01	1.11330e+00	5.36100e-01	-7.12100e-03	]	-9.98721e-01	1.00024e+00	1.45978e-02
[	5.86880e-01	4.32920e-01	1.11340e+00	5.35990e-01	-7.34160e-03	]	-9.98794e-01	1.00022e+00	1.36710e-02
[	5.86830e-01	4.33010e-01	1.11340e+00	5.35880e-01	-7.54830e-03	]	-9.98863e-01	1.00020e+00	1.28062e-02
[	5.86780e-01	4.33090e-01	1.11340e+00	5.35780e-01	-7.74190e-03	]	-9.98926e-01	1.00019e+00	1.19992e-02
[	5.86730e-01	4.33170e-01	1.11340e+00	5.35690e-01	-7.92320e-03	]	-9.98986e-01	1.00017e+00	1.12462e-02
[	5.86690e-01	4.33240e-01	1.11340e+00	5.35600e-01	-8.09280e-03	]	-9.99041e-01	1.00016e+00	1.05436e-02
[	5.86640e-01	4.33310e-01	1.11340e+00	5.35520e-01	-8.25150e-03	]	-9.99093e-01	1.00015e+00	9.88789e-03
[	5.86600e-01	4.33370e-01	1.11340e+00	5.35450e-01	-8.40000e-03	]	-9.99141e-01	1.00014e+00	9.27604e-03
[	5.86570e-01	4.33420e-01	1.11340e+00	5.35370e-01	-8.53890e-03	]	-9.99186e-01	1.00013e+00	8.70509e-03
[	5.86530e-01	4.33480e-01	1.11340e+00	5.35310e-01	-8.66880e-03	]	-9.99228e-01	1.00013e+00	8.17233e-03
[	5.86500e-01	4.33530e-01	1.11340e+00	5.35240e-01	-8.79020e-03	]	-9.99267e-01	1.00012e+00	7.67522e-03
[	5.86470e-01	4.33570e-01	1.11340e+00	5.35190e-01	-8.90370e-03	]	-9.99304e-01	1.00011e+00	7.21142e-03
[	5.86440e-01	4.33620e-01	1.11340e+00	5.35130e-01	-9.00980e-03	]	-9.99338e-01	1.00011e+00	6.77872e-03
[	5.86410e-01	4.33650e-01	1.11340e+00	5.35080e-01	-9.10900e-03	]	-9.99370e-01	1.00010e+00	6.37510e-03
[	5.86390e-01	4.33690e-01	1.11340e+00	5.35030e-01	-9.20170e-03	]	-9.99400e-01	1.00010e+00	5.99867e-03
[	5.86360e-01	4.33730e-01	1.11350e+00	5.34990e-01	-9.28830e-03	]	-9.99428e-01	1.00009e+00	5.64766e-03
[	5.86340e-01	4.33760e-01	1.11350e+00	5.34940e-01	-9.36930e-03	]	-9.99454e-01	1.00009e+00	5.32045e-03
[	5.86320e-01	4.33790e-01	1.11350e+00	5.34900e-01	-9.44490e-03	]	-9.99479e-01	1.00009e+00	5.01551e-03
[	5.86300e-01	4.33810e-01	1.11350e+00	5.34870e-01	-9.51560e-03	]	-9.99501e-01	1.00009e+00	4.73143e-03
[	5.86280e-01	4.33840e-01	1.11350e+00	5.34830e-01	-9.58170e-03	]	-9.99522e-01	1.00008e+00	4.46692e-03
[	5.86260e-01	4.33860e-01	1.11350e+00	5.34800e-01	-9.64330e-03	]	-9.99542e-01	1.00008e+00	4.22075e-03
[	5.86250e-01	4.33880e-01	1.11350e+00	5.34770e-01	-9.70100e-03	]	-9.99560e-01	1.00008e+00	3.99180e-03
[	5.86230e-01	4.33900e-01	1.11350e+00	5.34740e-01	-9.75480e-03	]	-9.99577e-01	1.00008e+00	3.77904e-03
[	5.86220e-01	4.33920e-01	1.11350e+00	5.34710e-01	-9.80510e-03	]	-9.99593e-01	1.00008e+00	3.58149e-03
[	5.86200e-01	4.33930e-01	1.11350e+00	5.34690e-01	-9.85210e-03	]	-9.99607e-01	1.00008e+00	3.39827e-03
[	5.86190e-01	4.33950e-01	1.11350e+00	5.34660e-01	-9.89600e-03	]	-9.99620e-01	1.00008e+00	3.22856e-03
[	5.86170e-01	4.33960e-01	1.11350e+00	5.34640e-01	-9.93700e-03	]	-9.99632e-01	1.00008e+00	3.07158e-03
[	5.86160e-01	4.33970e-01	1.11350e+00	5.34620e-01	-9.97530e-03	]	-9.99643e-01	1.00008e+00	2.92665e-03
[	5.86150e-01	4.33980e-01	1.11350e+00	5.34600e-01	-1.00110e-02	]	-9.99653e-01	1.00008e+00	2.79312e-03
[	5.86140e-01	4.33990e-01	1.11350e+00	5.34580e-01	-1.00440e-02	]	-9.99662e-01	1.00008e+00	2.67040e-03
[	5.86130e-01	4.34000e-01	1.11340e+00	5.34560e-01	-1.00750e-02	]	-9.99670e-01	1.00008e+00	2.55795e-03
[	5.86110e-01	4.34000e-01	1.11340e+00	5.34540e-01	-1.01040e-02	]	-9.99677e-01	1.00008e+00	2.45526e-03
[	5.86100e-01	4.34010e-01	1.11340e+00	5.34530e-01	-1.01310e-02	]	-9.99683e-01	1.00009e+00	2.36191e-03
[	5.86090e-01	4.34010e-01	1.11340e+00	5.34510e-01	-1.01570e-02	]	-9.99688e-01	1.00009e+00	2.27747e-03
[	5.86080e-01	4.34010e-01	1.11340e+00	5.34500e-01	-1.01800e-02	]	-9.99693e-01	1.00009e+00	2.20158e-03
[	5.86070e-01	4.34010e-01	1.11340e+00	5.34480e-01	-1.02020e-02	]	-9.99696e-01	1.00009e+00	2.13391e-03
[	5.86060e-01	4.34010e-01	1.11340e+00	5.34470e-01	-1.02220e-02	]	-9.99698e-01	1.00009e+00	2.07418e-03
[	5.86050e-01	4.34010e-01	1.11340e+00	5.34450e-01	-1.02410e-02	]	-9.99700e-01	1.00010e+00	2.02211e-03
[	5.86040e-01	4.34010e-01	1.11340e+00	5.34440e-01	-1.02580e-02	]	-9.99701e-01	1.00010e+00	1.97751e-03
[	1.00000e+00	1.00000e+00	1.00000e+00	1.00000e+00	1.00000e+00	]	-1.00000e+00	1.00000e+00	0.00000e+00
[	1.00000e+00	1.00000e+00	1.00000e+00	1.00000e+00	1.00000e+00	]	-1.00000e+00	1.00000e+00	0.00000e+00
[	1.00000e+00	1.00000e+00	1.00000e+00	1.00000e+00	1.00000e+00	]	-1.00000e+00	1.00000e+00	0.00000e+00
[	1.00000e+00	1.00000e+00	1.00000e+00	1.00000e+00	1.00000e+00	]	-1.00000e+00	1.00000e+00	0.00000e+00
[	1.00000e+00	1.00000e+00	1.00000e+00	1.00000e+00	1.00000e+00	]	-1.00000e+00	1.00000e+00	0.00000e+00
[	1.00000e+00	1.00000e+00	1.00000e+00	1.00000e+00	1.00000e+00	]	-1.00000e+00	1.00000e+00	0.00000e+00
[	1.00000e+00	1.00000e+00	1.00000e+00	1.00000e+00	1.00000e+00	]	-1.00000e+00	1.00000e+00	0.00000e+00
[	1.00000e+00	1.00000e+00	1.00000e+00	1.00000e+00	1.00000e+00	]	-1.00000e+00	1.00000e+00	0.00000e+00
[	1.00000e+00	1.00000e+00	1.00000e+00	1.00000e+00	1.00000e+00	]	-1.00000e+00	1.00000e+00	0.00000e+00
[	1.00000e+00	1.00000e+00	1.00000e+00	1.00000e+00	1.00000e+00	]	-1.00000e+00	1.00000e+00	0.00000e+00
[	1.00000e+00	1.00000e+00	1.00000e+00	1.00000e+00	1.00000e+00	]	-1.00000e+00	1.00000e+00	0.00000e+00
[	1.00000e+00	1.00000e+00	1.00000e+00	1.00000e+00	1.00000e+00	]	-1.00000e+00	1.00000e+00	0.00000e+00
[	1.00000e+00	1.00000e+00	1.00000e+00	1.00000e+00	1.00000e+00	]	-1.00000e+00	1.00000e+00	0.00000e+00
[	1.00000e+00	1.00000e+00	1.00000e+00	1.00000e+00	1.00000e+00	]	-1.00000e+00	1.00000e+00	0.00000e+00
[	1.00000e+00	1.00000e+00	1.00000e+00	1.00000e+00	1.00000e+00	]	-1.00000e+00	1.00000e+00	0.00000e+00
[	1.00000e+00	1.00000e+00	1.00000e+00	1.00000e+00	1.00000e+00	]	-1.00000e+00	1.00000e+00	0.00000e+00
[	1.00000e+00	1.00000e+00	1.00000e+00	1.00000e+00	1.00000e+00	]	-1.00000e+00	1.00000e+00	0.00000e+00
[	1.00000e+00	1.00000e+00	1.00000e+00	1.00000e+00	1.00000e+00	]	-1.00000e+00	1.00000e+00	0.00000e+00
[	1.00000e+00	1.00000e+00	1.00000e+00	1.00000e+00	1.00000e+00	]	-1.00000e+00	1.00000e+00	0.00000e+00
[	1.00000e+00	1.00000e+00	1.00000e+00	1.00000e+00	1.00000e+00	]	-1.00000e+00	1.00000e+00	0.00000e+00
[	1.00000e+00	1.00000e+00	1.00000e+00	1.00000e+00	1.00000e+00	]	-1.00000e+00	1.00000e+00	0.00000e+00
[	1.00000e+00	1.00000e+00	1.00000e+00	1.00000e+00	1.00000e+00	]	-1.00000e+00	1.00000e+00	0.00000e+00
[	1.00000e+00	1.00000e+00	1.00000e+00	1.00000e+00	1.00000e+00	]	-1.00000e+00	1.00000e+00	0.00000e+00
[	1.00000e+00	1.00000e+00	1.00000e+00	1.00000e+00	1.00000e+00	]	-1.00000e+00	1.00000e+00	0.00000e+00
[	1.00000e+00	1.00000e+00	1.00000e+00	1.00000e+00	1.00000e+00	]	-1.00000e+00	1.00000e+00	0.00000e+00
[	1.00000e+00	1.00000e+00	1.00000e+00	1.00000e+00	1.00000e+00	]	-1.00000e+00	1.00000e+00	0.00000e+00
[	1.00000e+00	1.00000e+00	1.00000e+00	1.00000e+00	1.00000e+00	]	-1.00000e+00	1.00000e+00	0.00000e+00
[	1.00000e+00	1.00000e+00	1.00000e+00	1.00000e+00	1.00000e+00	]	-1.00000e+00	1.00000e+00	0.00000e+00
[	1.00000e+00	1.00000e+00	1.00000e+00	1.00000e+00	1.00000e+00	]	-1.00000e+00	1.00000e+00	0.00000e+00
[	1.00000e+00	1.00000e+00	1.00000e+00	1.00000e+00	1.00000e+00	]	-1.00000e+00	1.00000e+00	0.00000e+00
[	1.00000e+00	1.00000e+00	1.00000e+00	1.00000e+00	1.00000e+00	]	-1.00000e+00	1.00000e+00	0.00000e+00
[	1.00000e+00	1.00000e+00	1.00000e+00	1.00000e+00	1.00000e+00	]	-1.00000e+00	1.00000e+00	0.00000e+00
[	1.00000e+00	1.00000e+00	1.00000e+00	1.00000e+00	1.00000e+00	]	-1.00000e+00	1.00000e+00	0.00000e+00
[	1.00000e+00	1.00000e+00	1.00000e+00	1.00000e+00	1.00000e+00	]	-1.00000e+00	1.00000e+00	0.00000e+00
[	1.00000e+00	1.00000e+00	1.00000e+00	1.00000e+00	1.00000e+00	]	-1.00000e+00	1.00000e+00	0.00000e+00
[	1.00000e+00	1.00000e+00	1.00000e+00	1.00000e+00	1.00000e+00	]	-1.00000e+00	1.00000e+00	0.00000e+00
[	1.00000e+00	1.00000e+00	1.00000e+00	1.00000e+00	1.00000e+00	]	-1.00000e+00	1.00000e+00	0.00000e+00
[	1.00000e+00	1.00000e+00	1.00000e+00	1.00000e+00	1.00000e+00	]	-1.00000e+00	1.00000e+00	0.00000e+00
[	1.00000e+00	1.00000e+00	1.00000e+00	1.00000e+00	1.00000e+00	]	-1.00000e+00	1.00000e+00	0.00000e+00
[	1.00000e+00	1.00000e+00	1.00000e+00	1.00000e+00	1.00000e+00	]	-1.00000e+00	1.00000e+00	0.00000e+00
[	1.00000e+00	1.00000e+00	1.00000e+00	1.00000e+00	1.00000e+00	]	-1.00000e+00	1.00000e+00	0.00000e+00
[	1.00000e+00	1.00000e+00	1.00000e+00	1.00000e+00	1.00000e+00	]	-1.00000e+00	1.00000e+00	0.00000e+00
[	1.00000e+00	1.00000e+00	1.00000e+00	1.00000e+00	1.00000e+00	]	-1.00000e+00	1.00000e+00	0.00000e+00
[	1.00000e+00	1.00000e+00	1.00000e+00	1.00000e+00	1.00000e+00	]	-1.00000e+00	1.00000e+00	0.00000e+00
[	1.00000e+00	1.00000e+00	1.00000e+00	1.00000e+00	1.00000e+00	]	-1.00000e+00	1.00000e+00	0.00000e+00
[	1.00000e+00	1.00000e+00	1.00000e+00	1.00000e+00	1.00000e+00	]	-1.00000e+00	1.00000e+00	0.00000e+00
[	1.00000e+00	1.00000e+00	1.00000e+00	1.00000e+00	1.00000e+00	]	-1.00000e+00	1.00000e+00	0.00000e+00
[	1.00000e+00	1.00000e+00	1.00000e+00	1.00000e+00	1.00000e+00	]	-1.00000e+00	1.00000e+00	0.00000e+00
[	1.00000e+00	1.00000e+00	1.00000e+00	1.00000e+00	1.00000e+00	]	-1.00000e+00	1.00000e+00	0.00000e+00
[	1.00000e+00	1.00000e+00	1.00000e+00	1.00000e+00	1.00000e+00	]	-1.00000e+00	1.00000e+00	0.00000e+00
[	1.00000e+00	1.00000e+00	1.00000e+00	1.00000e+00	1.00000e+00	]	-1.00000e+00	1.00000e+00	0.00000e+00
[	1.00000e+00	1.00000e+00	1.00000e+00	1.00000e+00	1.00000e+00	]	-1.00000e+00	1.00000e+00	0.00000e+00
[	1.00000e+00	1.00000e+00	1.00000e+00	1.00000e+00	1.00000e+00	]	-1.00000e+00	1.00000e+00	0.00000e+00
[	1.00000e+00	1.00000e+00	1.00000e+00	1.00000e+00	1.00000e+00	]	-1.00000e+00	1.00000e+00	0.00000e+00
[	1.00000e+00	1.00000e+00	1.00000e+00	1.00000e+00	1.00000e+00	]	-1.00000e+00	1.00000e+00	0.00000e+00
[	1.00000e+00	1.00000e+00	1.00000e+00	1.00000e+00	1.00000e+00	]	-1.00000e+00	1.00000e+00	0.00000e+00
[	1.00000e+00	1.00000e+00	1.00000e+00	1.00000e+00	1.00000e+00	]	-1.00000e+00	1.00000e+00	0.00000e+00
[	1.00000e+00	1.00000e+00	1.00000e+00	1.00000e+00	1.00000e+00	]	-1.00000e+00	1.00000e+00	0.00000e+00
[	1.00000e+00	1.00000e+00	1.00000e+00	1.00000e+00	1.00000e+00	]	-1.00000e+00	1.00000e+00	0.00000e+00
[	1.00000e+00	1.00000e+00	1.00000e+00	1.00000e+00	1.00000e+00	]	-1.00000e+00	1.00000e+00	0.00000e+00
[	1.00000e+00	1.00000e+00	1.00000e+00	1.00000e+00	1.00000e+00	]	-1.00000e+00	1.00000e+00	0.00000e+00
[	1.00000e+00	1.00000e+00	1.00000e+00	1.00000e+00	1.00000e+00	]	-1.00000e+00	1.00000e+00	0.00000e+00
[	1.00000e+00	1.00000e+00	1.00000e+00	1.00000e+00	1.00000e+00	]	-1.00000e+00	1.00000e+00	0.00000e+00
[	1.00000e+00	1.00000e+00	1.00000e+00	1.00000e+00	1.00000e+00	]	-1.00000e+00	1.00000e+00	0.00000e+00
[	1.00000e+00	1.00000e+00	1.00000e+00	1.00000e+00	1.00000e+00	]	-1.00000e+00	1.00000e+00	0.00000e+00
[	1.00000e+00	1.00000e+00	1.00000e+00	1.00000e+00	1.00000e+00	]	-1.00000e+00	1.00000e+00	0.00000e+00
[	1.00000e+00	1.00000e+00	1.00000e+00	1.00000e+00	1.00000e+00	]	-1.00000e+00	1.00000e+00	0.00000e+00
[	1.00000e+00	1.00000e+00	1.00000e+00	1.00000e+00	1.00000e+00	]	-1.00000e+00	1.00000e+00	0.00000e+00
[	1.00000e+00	1.00000e+00	1.00000e+00	1.00000e+00	1.00000e+00	]	-1.00000e+00	1.00000e+00	0.00000e+00
[	1.00000e+00	1.00000e+00	1.00000e+00	1.00000e+00	1.00000e+00	]	-1.00000e+00	1.00000e+00	0.00000e+00
[	1.00000e+00	1.00000e+00	1.00000e+00	1.00000e+00	1.00000e+00	]	-1.00000e+00	1.00000e+00	0.00000e+00
[	1.00000e+00	1.00000e+00	1.00000e+00	1.00000e+00	1.00000e+00	]	-1.00000e+00	1.00000e+00	0.00000e+00
[	1.00000e+00	1.00000e+00	1.00000e+00	1.00000e+00	1.00000e+00	]	-1.00000e+00	1.00000e+00	0.00000e+00
[	1.00000e+00	1.00000e+00	1.00000e+00	1.00000e+00	1.00000e+00	]	-1.00000e+00	1.00000e+00	0.00000e+00
[	1.00000e+00	1.00000e+00	1.00000e+00	1.00000e+00	1.00000e+00	]	-1.00000e+00	1.00000e+00	0.00000e+00
[	1.00000e+00	1.00000e+00	1.00000e+00	1.00000e+00	1.00000e+00	]	-1.00000e+00	1.00000e+00	0.00000e+00
[	1.00000e+00	1.00000e+00	1.00000e+00	1.00000e+00	1.00000e+00	]	-1.00000e+00	1.00000e+00	0.00000e+00
[	1.00000e+00	1.00000e+00	1.00000e+00	1.00000e+00	1.00000e+00	]	-1.00000e+00	1.00000e+00	0.00000e+00
[	1.00000e+00	1.00000e+00	1.00000e+00	1.00000e+00	1.00000e+00	]	-1.00000e+00	1.00000e+00	0.00000e+00
[	1.00000e+00	1.00000e+00	1.00000e+00	1.00000e+00	1.00000e+00	]	-1.00000e+00	1.00000e+00	0.00000e+00
[	1.00000e+00	1.00000e+00	1.00000e+00	1.00000e+00	1.00000e+00	]	-1.00000e+00	1.00000e+00	0.00000e+00
[	1.00000e+00	1.00000e+00	1.00000e+00	1.00000e+00	1.00000e+00	]	-1.00000e+00	1.00000e+00	0.00000e+00
[	1.00000e+00	1.00000e+00	1.00000e+00	1.00000e+00	1.00000e+00	]	-1.00000e+00	1.00000e+00	0.00000e+00
[	1.00000e+00	1.00000e+00	1.00000e+00	1.00000e+00	1.00000e+00	]	-1.00000e+00	1.00000e+00	0.00000e+00
[	1.00000e+00	1.00000e+00	1.00000e+00	1.00000e+00	1.00000e+00	]	-1.00000e+00	1.00000e+00	0.00000e+00
[	1.00000e+00	1.00000e+00	1.00000e+00	1.00000e+00	1.00000e+00	]	-1.00000e+00	1.00000e+00	0.00000e+00
[	1.00000e+00	1.00000e+00	1.00000e+00	1.00000e+00	1.00000e+00	]	-1.00000e+00	1.00000e+00	0.00000e+00
[	1.00000e+00	1.00000e+00	1.00000e+00	1.00000e+00	1.00000e+00	]	-1.00000e+00	1.00000e+00	0.00000e+00
[	1.00000e+00	1.00000e+00	1.00000e+00	1.00000e+00	1.00000e+00	]	-1.00000e+00	1.00000e+00	0.00000e+00
[	1.00000e+00	1.00000e+00	1.00000e+00	1.00000e+00	1.00000e+00	]	-1.00000e+00	1.00000e+00	0.00000e+00
[	1.00000e+00	1.00000e+00	1.00000e+00	1.00000e+00	1.00000e+00	]	-1.00000e+00	1.00000e+00	0.00000e+00
[	1.00000e+00	1.00000e+00	1.00000e+00	1.00000e+00	1.00000e+00	]	-1.00000e+00	1.00000e+00	0.00000e+00
[	1.00000e+00	1.00000e+00	1.00000e+00	1.00000e+00	1.00000e+00	]	-1.00000e+00	1.00000e+00	0.00000e+00
[	1.00000e+00	1.00000e+00	1.00000e+00	1.00000e+00	1.00000e+00	]	-1.00000e+00	1.00000e+00	0.00000e+00
[	1.00000e+00	1.00000e+00	1.00000e+00	1.00000e+00	1.00000e+00	]	-1.00000e+00	1.00000e+00	0.00000e+00
[	1.00000e+00	1.00000e+00	1.00000e+00	1.00000e+00	1.00000e+00	]	-1.00000e+00	1.00000e+00	0.00000e+00
[	1.00000e+00	1.00000e+00	1.00000e+00	1.00000e+00	1.00000e+00	]	-1.00000e+00	1.00000e+00	0.00000e+00
[	1.00000e+00	1.00000e+00	1.00000e+00	1.00000e+00	1.00000e+00	]	-1.00000e+00	1.00000e+00	0.00000e+00
[	1.00000e+00	1.00000e+00	1.00000e+00	1.00000e+00	1.00000e+00	]	-1.00000e+00	1.00000e+00	0.00000e+00
[	1.00000e+00	1.00000e+00	1.00000e+00	1.00000e+00	1.00000e+00	]	-1.00000e+00	1.00000e+00	0.00000e+00
[	1.00000e+00	1.00000e+00	1.00000e+00	1.00000e+00	1.00000e+00	]	-1.00000e+00	1.00000e+00	0.00000e+00
[	1.00000e+00	1.00000e+00	1.00000e+00	1.00000e+00	1.00000e+00	]	-1.00000e+00	1.00000e+00	0.00000e+00
[	1.00000e+00	1.00000e+00	1.00000e+00	1.00000e+00	1.00000e+00	]	-1.00000e+00	1.00000e+00	0.00000e+00
[	1.00000e+00	1.00000e+00	1.00000e+00	1.00000e+00	1.00000e+00	]	-1.00000e+00	1.00000e+00	0.00000e+00
[	1.00000e+00	1.00000e+00	1.00000e+00	1.00000e+00	1.00000e+00	]	-1.00000e+00	1.00000e+00	0.00000e+00
[	1.00000e+00	1.00000e+00	1.00000e+00	1.00000e+00	1.00000e+00	]	-1.00000e+00	1.00000e+00	0.00000e+00
[	1.00000e+00	1.00000e+00	1.00000e+00	1.00000e+00	1.00000e+00	]	-1.00000e+00	1.00000e+00	0.00000e+00
[	1.00000e+00	1.00000e+00	1.00000e+00	1.00000e+00	1.00000e+00	]	-1.00000e+00	1.00000e+00	0.00000e+00
[	1.00000e+00	1.00000e+00	1.00000e+00	1.00000e+00	1.00000e+00	]	-1.00000e+00	1.00000e+00	0.00000e+00
[	1.00000e+00	1.00000e+00	1.00000e+00	1.00000e+00	1.00000e+00	]	-1.00000e+00	1.00000e+00	0.00000e+00
[	1.00000e+00	1.00000e+00	1.00000e+00	1.00000e+00	1.00000e+00	]	-1.00000e+00	1.00000e+00	0.00000e+00
[	1.00000e+00	1.00000e+00	1.00000e+00	1.00000e+00	1.00000e+00	]	-1.00000e+00	1.00000e+00	0.00000e+00
[	1.00000e+00	1.00000e+00	1.00000e+00	1.00000e+00	1.00000e+00	]	-1.00000e+00	1.00000e+00	0.00000e+00
[	1.00000e+00	1.00000e+00	1.00000e+00	1.00000e+00	1.00000e+00	]	-1.00000e+00	1.00000e+00	0.00000e+00
[	1.00000e+00	1.00000e+00	1.00000e+00	1.00000e+00	1.00000e+00	]	-1.00000e+00	1.00000e+00	0.00000e+00
[	1.00000e+00	1.00000e+00	1.00000e+00	1.00000e+00	1.00000e+00	]	-1.00000e+00	1.00000e+00	0.00000e+00
[	1.00000e+00	1.00000e+00	1.00000e+00	1.00000e+00	1.00000e+00	]	-1.00000e+00	1.00000e+00	0.00000e+00
[	1.00000e+00	1.00000e+00	1.00000e+00	1.00000e+00	1.00000e+00	]	-1.00000e+00	1.00000e+00	0.00000e+00
[	1.00000e+00	1.00000e+00	1.00000e+00	1.00000e+00	1.00000e+00	]	-1.00000e+00	1.00000e+00	0.00000e+00
[	1.00000e+00	1.00000e+00	1.00000e+00	1.00000e+00	1.00000e+00	]	-1.00000e+00	1.00000e+00	0.00000e+00
[	1.00000e+00	1.00000e+00	1.00000e+00	1.00000e+00	1.00000e+00	]	-1.00000e+00	1.00000e+00	0.00000e+00
[	1.00000e+00	1.00000e+00	1.00000e+00	1.00000e+00	1.00000e+00	]	-1.00000e+00	1.00000e+00	0.00000e+00
[	1.00000e+00	1.00000e+00	1.00000e+00	1.00000e+00	1.00000e+00	]	-1.00000e+00	1.00000e+00	0.00000e+00
[	5.86030e-01	4.34000e-01	1.11340e+00	5.34430e-01	-1.02740e-02	]	-9.99701e-01	1.00010e+00	1.94016e-03
[	5.86010e-01	4.34000e-01	1.11340e+00	5.34410e-01	-1.02890e-02	]	-9.99700e-01	1.00011e+00	1.90992e-03
[	5.86000e-01	4.33990e-01	1.11340e+00	5.34400e-01	-1.03030e-02	]	-9.99698e-01	1.00011e+00	1.88667e-03
[	5.85990e-01	4.33980e-01	1.11340e+00	5.34390e-01	-1.03150e-02	]	-9.99696e-01	1.00012e+00	1.87030e-03
[	5.85980e-01	4.33970e-01	1.11330e+00	5.34380e-01	-1.03260e-02	]	-9.99693e-01	1.00012e+00	1.86075e-03
[	5.85970e-01	4.33960e-01	1.11330e+00	5.34360e-01	-1.03370e-02	]	-9.99688e-01	1.00013e+00	1.85798e-03
[	5.85950e-01	4.33950e-01	1.11330e+00	5.34350e-01	-1.03460e-02	]	-9.99683e-01	1.00013e+00	1.86200e-03
[	5.85940e-01	4.33930e-01	1.11330e+00	5.34340e-01	-1.03540e-02	]	-9.99677e-01	1.00014e+00	1.87283e-03
[	5.85930e-01	4.33920e-01	1.11330e+00	5.34330e-01	-1.03610e-02	]	-9.99670e-01	1.00014e+00	1.89052e-03
[	5.85910e-01	4.33900e-01	1.11330e+00	5.34310e-01	-1.03670e-02	]	-9.99662e-01	1.00015e+00	1.91516e-03
[	5.85900e-01	4.33880e-01	1.11320e+00	5.34300e-01	-1.03720e-02	]	-9.99653e-01	1.00016e+00	1.94687e-03
[	5.85880e-01	4.33860e-01	1.11320e+00	5.34290e-01	-1.03770e-02	]	-9.99643e-01	1.00016e+00	1.98579e-03
[	5.85870e-01	4.33840e-01	1.11320e+00	5.34280e-01	-1.03800e-02	]	-9.99632e-01	1.00017e+00	2.03210e-03
[	5.85850e-01	4.33810e-01	1.11320e+00	5.34260e-01	-1.03820e-02	]	-9.99620e-01	1.00018e+00	2.08603e-03
[	5.85830e-01	4.33790e-01	1.11310e+00	5.34250e-01	-1.03830e-02	]	-9.99607e-01	1.00019e+00	2.14782e-03
[	5.85820e-01	4.33760e-01	1.11310e+00	5.34240e-01	-1.03840e-02	]	-9.99593e-01	1.00020e+00	2.21775e-03
[	5.85800e-01	4.33730e-01	1.11310e+00	5.34220e-01	-1.03830e-02	]	-9.99577e-01	1.00021e+00	2.29616e-03
[	5.85780e-01	4.33700e-01	1.11300e+00	5.34210e-01	-1.03810e-02	]	-9.99560e-01	1.00022e+00	2.38340e-03
[	5.85760e-01	4.33660e-01	1.11300e+00	5.34200e-01	-1.03780e-02	]	-9.99542e-01	1.00023e+00	2.47988e-03
[	5.85740e-01	4.33630e-01	1.11300e+00	5.34180e-01	-1.03740e-02	]	-9.99522e-01	1.00024e+00	2.58605e-03
[	5.85710e-01	4.33590e-01	1.11290e+00	5.34170e-01	-1.03680e-02	]	-9.99501e-01	1.00026e+00	2.70240e-03
[	5.85690e-01	4.33540e-01	1.11290e+00	5.34150e-01	-1.03620e-02	]	-9.99479e-01	1.00027e+00	2.82948e-03
[	5.85660e-01	4.33500e-01	1.11290e+00	5.34140e-01	-1.03540e-02	]	-9.99454e-01	1.00028e+00	2.96790e-03
[	5.85640e-01	4.33450e-01	1.11280e+00	5.34120e-01	-1.03440e-02	]	-9.99428e-01	1.00030e+00	3.11829e-03
[	5.85610e-01	4.33400e-01	1.11280e+00	5.34100e-01	-1.03330e-02	]	-9.99400e-01	1.00032e+00	3.28138e-03
[	5.85580e-01	4.33340e-01	1.11270e+00	5.34090e-01	-1.03210e-02	]	-9.99370e-01	1.00033e+00	3.45793e-03
[	5.85550e-01	4.33280e-01	1.11270e+00	5.34070e-01	-1.03070e-02	]	-9.99338e-01	1.00035e+00	3.64880e-03
[	5.85520e-01	4.33220e-01	1.11260e+00	5.34050e-01	-1.02910e-02	]	-9.99304e-01	1.00037e+00	3.85490e-03
[	5.85490e-01	4.33150e-01	1.11250e+00	5.34030e-01	-1.02740e-02	]	-9.99267e-01	1.00039e+00	4.07721e-03
[	5.85450e-01	4.33080e-01	1.11250e+00	5.34010e-01	-1.02540e-02	]	-9.99228e-01	1.00042e+00	4.31682e-03
[	5.85410e-01	4.33000e-01	1.11240e+00	5.33990e-01	-1.02330e-02	]	-9.99186e-01	1.00044e+00	4.57489e-03
[	5.85370e-01	4.32920e-01	1.11230e+00	5.33970e-01	-1.02090e-02	]	-9.99141e-01	1.00046e+00	4.85269e-03
[	5.85330e-01	4.32830e-01	1.11230e+00	5.33950e-01	-1.01840e-02	]	-9.99093e-01	1.00049e+00	5.15156e-03
[	5.85290e-01	4.32740e-01	1.11220e+00	5.33920e-01	-1.01560e-02	]	-9.99041e-01	1.00052e+00	5.47298e-03
[	5.85240e-01	4.32640e-01	1.11210e+00	5.33900e-01	-1.01250e-02	]	-9.98986e-01	1.00055e+00	5.81855e-03
[	5.85190e-01	4.32530e-01	1.11200e+00	5.33870e-01	-1.00920e-02	]	-9.98926e-01	1.00058e+00	6.18998e-03
[	5.85140e-01	4.32420e-01	1.11190e+00	5.33840e-01	-1.00560e-02	]	-9.98863e-01	1.00062e+00	6.58911e-03
[	5.85080e-01	4.32290e-01	1.11180e+00	5.33810e-01	-1.00170e-02	]	-9.98794e-01	1.00066e+00	7.01796e-03
[	5.85010e-01	4.32160e-01	1.11170e+00	5.33780e-01	-9.97540e-03	]	-9.98721e-01	1.00070e+00	7.47867e-03
[	5.84950e-01	4.32020e-01	1.11150e+00	5.33740e-01	-9.93070e-03	]	-9.98642e-01	1.00074e+00	7.97357e-03
[	5.84870e-01	4.31860e-01	1.11140e+00	5.33700e-01	-9.88300e-03	]	-9.98557e-01	1.00079e+00	8.50516e-03
[	5.84800e-01	4.31700e-01	1.11130e+00	5.33660e-01	-9.83210e-03	]	-9.98465e-01	1.00084e+00	9.07614e-03
[	5.84710e-01	4.31520e-01	1.11110e+00	5.33620e-01	-9.77810e-03	]	-9.98366e-01	1.00089e+00	9.68941e-03
[	5.84620e-01	4.31320e-01	1.11090e+00	5.33570e-01	-9.72090e-03	]	-9.98260e-01	1.00095e+00	1.03481e-02
[	5.84520e-01	4.31120e-01	1.11070e+00	5.33510e-01	-9.66060e-03	]	-9.98145e-01	1.00102e+00	1.10556e-02
[	5.84410e-01	4.30890e-01	1.11050e+00	5.33450e-01	-9.59730e-03	]	-9.98020e-01	1.00108e+00	1.18156e-02
[	5.84290e-01	4.30640e-01	1.11030e+00	5.33380e-01	-9.53120e-03	]	-9.97885e-01	1.00116e+00	1.26318e-02
[	5.84150e-01	4.30380e-01	1.11010e+00	5.33300e-01	-9.46250e-03	]	-9.97738e-01	1.00124e+00	1.35086e-02
[	5.84000e-01	4.30090e-01	1.10980e+00	5.33220e-01	-9.39150e-03	]	-9.97578e-01	1.00133e+00	1.44505e-02
[	5.83840e-01	4.29770e-01	1.10950e+00	5.33120e-01	-9.31880e-03	]	-9.97405e-01	1.00142e+00	1.54622e-02
[	5.83660e-01	4.29430e-01	1.10920e+00	5.33010e-01	-9.24480e-03	]	-9.97216e-01	1.00153e+00	1.65491e-02
[	5.83460e-01	4.29050e-01	1.10890e+00	5.32880e-01	-9.17040e-03	]	-9.97010e-01	1.00164e+00	1.77166e-02
[	5.83230e-01	4.28640e-01	1.10850e+00	5.32740e-01	-9.09640e-03	]	-9.96785e-01	1.00177e+00	1.89709e-02
[	5.82980e-01	4.28180e-01	1.10800e+00	5.32580e-01	-9.02400e-03	]	-9.96539e-01	1.00191e+00	2.03183e-02
[	5.82700e-01	4.27690e-01	1.10760e+00	5.32390e-01	-8.95470e-03	]	-9.96269e-01	1.00206e+00	2.17657e-02
[	5.82390e-01	4.27140e-01	1.10710e+00	5.32180e-01	-8.89020e-03	]	-9.95973e-01	1.00222e+00	2.33206e-02
[	5.82030e-01	4.26540e-01	1.10650e+00	5.31940e-01	-8.83260e-03	]	-9.95648e-01	1.00241e+00	2.49908e-02
[	5.81630e-01	4.25880e-01	1.10580e+00	5.31660e-01	-8.78440e-03	]	-9.95291e-01	1.00261e+00	2.67848e-02
[	5.81180e-01	4.25150e-01	1.10510e+00	5.31330e-01	-8.74870e-03	]	-9.94897e-01	1.00283e+00	2.87117e-02
[	5.80670e-01	4.24330e-01	1.10430e+00	5.30960e-01	-8.72890e-03	]	-9.94462e-01	1.00308e+00	3.07811e-02
[	5.80100e-01	4.23440e-01	1.10340e+00	5.30540e-01	-8.72950e-03	]	-9.93981e-01	1.00336e+00	3.30033e-02
[	5.79440e-01	4.22440e-01	1.10240e+00	5.30040e-01	-8.75540e-03	]	-9.93450e-01	1.00366e+00	3.53892e-02
[	5.78700e-01	4.21330e-01	1.10120e+00	5.29480e-01	-8.81260e-03	]	-9.92861e-01	1.00400e+00	3.79505e-02
[	5.77860e-01	4.20100e-01	1.09990e+00	5.28820e-01	-8.90800e-03	]	-9.92208e-01	1.00438e+00	4.06996e-02
[	5.76900e-01	4.18730e-01	1.09850e+00	5.28070e-01	-9.05000e-03	]	-9.91482e-01	1.00480e+00	4.36497e-02
[	5.75810e-01	4.17200e-01	1.09690e+00	5.27200e-01	-9.24790e-03	]	-9.90675e-01	1.00527e+00	4.68145e-02
[	5.74570e-01	4.15490e-01	1.09510e+00	5.26190e-01	-9.51300e-03	]	-9.89777e-01	1.00579e+00	5.02088e-02
[	5.73160e-01	4.13590e-01	1.09300e+00	5.25030e-01	-9.85810e-03	]	-9.88775e-01	1.00638e+00	5.38482e-02
[	5.71550e-01	4.11450e-01	1.09070e+00	5.23700e-01	-1.02980e-02	]	-9.87657e-01	1.00704e+00	5.77487e-02
[	5.69710e-01	4.09060e-01	1.08800e+00	5.22160e-01	-1.08510e-02	]	-9.86409e-01	1.00778e+00	6.19276e-02
[	5.67620e-01	4.06390e-01	1.08510e+00	5.20390e-01	-1.15360e-02	]	-9.85012e-01	1.00860e+00	6.64027e-02
[	5.65230e-01	4.03380e-01	1.08170e+00	5.18350e-01	-1.23770e-02	]	-9.83449e-01	1.00953e+00	7.11927e-02
[	5.62510e-01	4.00020e-01	1.07790e+00	5.16010e-01	-1.34000e-02	]	-9.81698e-01	1.01057e+00	7.63167e-02
[	5.59410e-01	3.96230e-01	1.07360e+00	5.13310e-01	-1.46360e-02	]	-9.79735e-01	1.01174e+00	8.17948e-02
[	5.55870e-01	3.91990e-01	1.06870e+00	5.10220e-01	-1.61180e-02	]	-9.77531e-01	1.01306e+00	8.76476e-02
[	5.51840e-01	3.87220e-01	1.06320e+00	5.06660e-01	-1.78870e-02	]	-9.75056e-01	1.01454e+00	9.38961e-02
[	5.47250e-01	3.81860e-01	1.05690e+00	5.02590e-01	-1.99860e-02	]	-9.72276e-01	1.01620e+00	1.00561e-01
[	5.42030e-01	3.75840e-01	1.04990e+00	4.97920e-01	-2.24670e-02	]	-9.69149e-01	1.01806e+00	1.07665e-01
[	5.36080e-01	3.69070e-01	1.04190e+00	4.92580e-01	-2.53860e-02	]	-9.65633e-01	1.02015e+00	1.15229e-01
[	5.29330e-01	3.61470e-01	1.03280e+00	4.86470e-01	-2.88060e-02	]	-9.61675e-01	1.02250e+00	1.23273e-01
[	5.21670e-01	3.52940e-01	1.02260e+00	4.79510e-01	-3.27980e-02	]	-9.57220e-01	1.02513e+00	1.31819e-01
[	5.12980e-01	3.43380e-01	1.01110e+00	4.71580e-01	-3.74380e-02	]	-9.52204e-01	1.02807e+00	1.40886e-01
[	5.03140e-01	3.32650e-01	9.98080e-01	4.62560e-01	-4.28120e-02	]	-9.46557e-01	1.03136e+00	1.50492e-01
[	4.92030e-01	3.20650e-01	9.83450e-01	4.52320e-01	-4.90120e-02	]	-9.40199e-01	1.03503e+00	1.60653e-01
[	4.79490e-01	3.07230e-01	9.66990e-01	4.40730e-01	-5.61360e-02	]	-9.33041e-01	1.03912e+00	1.71383e-01
[	4.65380e-01	2.92250e-01	9.48540e-01	4.27650e-01	-6.42890e-02	]	-9.24987e-01	1.04365e+00	1.82692e-01
[	4.49540e-01	2.75570e-01	9.27870e-01	4.12910e-01	-7.35770e-02	]	-9.15930e-01	1.04865e+00	1.94588e-01
[	4.31810e-01	2.57050e-01	9.04800e-01	3.96360e-01	-8.41100e-02	]	-9.05750e-01	1.05417e+00	2.07072e-01
[	4.12040e-01	2.36530e-01	8.79130e-01	3.77860e-01	-9.59950e-02	]	-8.94322e-01	1.06021e+00	2.20142e-01
[	3.90080e-01	2.13890e-01	8.50650e-01	3.57260e-01	-1.09330e-01	]	-8.81508e-01	1.06680e+00	2.33787e-01
[	3.65790e-01	1.89000e-01	8.19200e-01	3.34420e-01	-1.24210e-01	]	-8.67162e-01	1.07394e+00	2.47990e-01
[	3.39060e-01	1.61770e-01	7.84610e-01	3.09240e-01	-1.40700e-01	]	-8.51131e-01	1.08160e+00	2.62727e-01
[	3.09810e-01	1.32140e-01	7.46780e-01	2.81630e-01	-1.58850e-01	]	-8.33258e-01	1.08976e+00	2.77960e-01
[	2.78020e-01	1.00100e-01	7.05670e-01	2.51580e-01	-1.78650e-01	]	-8.13388e-01	1.09835e+00	2.93645e-01
[	2.43710e-01	6.56880e-02	6.61270e-01	2.19120e-01	-2.00060e-01	]	-7.91368e-01	1.10728e+00	3.09724e-01
[	2.07010e-01	2.90370e-02	6.13720e-01	1.84350e-01	-2.22980e-01	]	-7.67062e-01	1.11643e+00	3.26127e-01
[	1.68110e-01	-9.64400e-03	5.63240e-01	1.47460e-01	-2.47240e-01	]	-7.40357e-01	1.12563e+00	3.42771e-01
[	1.27320e-01	-5.00410e-02	5.10160e-01	1.08760e-01	-2.72590e-01	]	-7.11174e-01	1.13467e+00	3.59559e-01
[	8.50660e-02	-9.17340e-02	4.55000e-01	6.86570e-02	-2.98700e-01	]	-6.79488e-01	1.14331e+00	3.76382e-01
[	4.18760e-02	-1.34190e-01	3.98380e-01	2.76670e-02	-3.25160e-01	]	-6.45347e-01	1.15129e+00	3.93115e-01
[	-1.59930e-03	-1.76780e-01	3.41090e-01	-1.35830e-02	-3.51490e-01	]	-6.08889e-01	1.15832e+00	4.09622e-01
[	-4.46240e-02	-2.18790e-01	2.84020e-01	-5.43800e-02	-3.77150e-01	]	-5.70369e-01	1.16411e+00	4.25759e-01
[	-8.63970e-02	-2.59440e-01	2.28190e-01	-9.39510e-02	-4.01580e-01	]	-5.30184e-01	1.16843e+00	4.41368e-01
[	-1.26100e-01	-2.97950e-01	1.74630e-01	-1.31510e-01	-4.24240e-01	]	-4.88891e-01	1.17108e+00	4.56288e-01
[	-1.62950e-01	-3.33570e-01	1.24380e-01	-1.66300e-01	-4.44630e-01	]	-4.47227e-01	1.17198e+00	4.70354e-01
[	-1.96240e-01	-3.65660e-01	7.84170e-02	-1.97660e-01	-4.62380e-01	]	-4.06114e-01	1.17119e+00	4.83402e-01
[	-2.25410e-01	-3.93690e-01	3.75640e-02	-2.25060e-01	-4.77250e-01	]	-3.66642e-01	1.16889e+00	4.95273e-01
[	-2.50060e-01	-4.17320e-01	2.48040e-03	-2.48140e-01	-4.89140e-01	]	-3.30045e-01	1.16545e+00	5.05816e-01
[	-2.70000e-01	-4.36390e-01	-2.63820e-02	-2.66720e-01	-4.98150e-01	]	-2.97630e-01	1.16136e+00	5.14894e-01
[	-2.85180e-01	-4.50900e-01	-4.87670e-02	-2.80800e-01	-5.04490e-01	]	-2.70702e-01	1.15720e+00	5.22385e-01
[	-2.95690e-01	-4.60970e-01	-6.45730e-02	-2.90480e-01	-5.08470e-01	]	-2.50449e-01	1.15356e+00	5.28191e-01
[	-3.01650e-01	-4.66750e-01	-7.38030e-02	-2.95910e-01	-5.10370e-01	]	-2.37831e-01	1.15095e+00	5.32234e-01
[	-3.03200e-01	-4.68380e-01	-7.64930e-02	-2.97220e-01	-5.10410e-01	]	-2.33478e-01	1.14974e+00	5.34465e-01
[	-3.00370e-01	-4.65920e-01	-7.26650e-02	-2.94480e-01	-5.08680e-01	]	-2.37612e-01	1.15005e+00	5.34861e-01
[	-2.93140e-01	-4.59320e-01	-6.23090e-02	-2.87620e-01	-5.05110e-01	]	-2.50026e-01	1.15177e+00	5.33427e-01
[	-2.81400e-01	-4.48450e-01	-4.53980e-02	-2.76560e-01	-4.99510e-01	]	-2.70104e-01	1.15455e+00	5.30197e-01
[	-2.65010e-01	-4.33180e-01	-2.19410e-02	-2.61130e-01	-4.91590e-01	]	-2.96895e-01	1.15791e+00	5.25230e-01
[	-2.43920e-01	-4.13380e-01	7.96060e-03	-2.41250e-01	-4.81060e-01	]	-3.29218e-01	1.16126e+00	5.18611e-01
[	-2.18160e-01	-3.89060e-01	4.40470e-02	-2.16930e-01	-4.67730e-01	]	-3.65771e-01	1.16402e+00	5.10448e-01
[	-1.87930e-01	-3.60380e-01	8.58670e-02	-1.88350e-01	-4.51510e-01	]	-4.05245e-01	1.16570e+00	5.00865e-01
[	-1.53640e-01	-3.27670e-01	1.32770e-01	-1.55860e-01	-4.32470e-01	]	-4.46403e-01	1.16595e+00	4.90002e-01
[	-1.15830e-01	-2.91460e-01	1.83920e-01	-1.19990e-01	-4.10850e-01	]	-4.88149e-01	1.16455e+00	4.78012e-01
[	-7.52080e-02	-2.52390e-01	2.38360e-01	-8.14120e-02	-3.87050e-01	]	-5.29554e-01	1.16147e+00	4.65051e-01
[	-3.25590e-02	-2.11200e-01	2.95040e-01	-4.08660e-02	-3.61550e-01	]	-5.69877e-01	1.15677e+00	4.51280e-01
[	1.13000e-02	-1.68670e-01	3.52930e-01	8.56770e-04	-3.34880e-01	]	-6.08553e-01	1.15064e+00	4.36858e-01
[	5.55710e-02	-1.25590e-01	4.11020e-01	4.29860e-02	-3.07620e-01	]	-6.45180e-01	1.14332e+00	4.21941e-01
[	9.95180e-02	-8.26500e-02	4.68410e-01	8.48090e-02	-2.80280e-01	]	-6.79499e-01	1.13508e+00	4.06676e-01
[	1.42490e-01	-4.04980e-02	5.24320e-01	1.25700e-01	-2.53360e-01	]	-7.11366e-01	1.12621e+00	3.91201e-01
[	1.83960e-01	3.40510e-04	5.78110e-01	1.65140e-01	-2.27250e-01	]	-7.40734e-01	1.11698e+00	3.75644e-01
[	2.23510e-01	3.94440e-02	6.29280e-01	2.02730e-01	-2.02290e-01	]	-7.67624e-01	1.10761e+00	3.60121e-01
[	2.60820e-01	7.64990e-02	6.77490e-01	2.38160e-01	-1.78720e-01	]	-7.92113e-01	1.09831e+00	3.44734e-01
[	2.95700e-01	1.11290e-01	7.22510e-01	2.71240e-01	-1.56720e-01	]	-8.14314e-01	1.08926e+00	3.29573e-01
[	3.28030e-01	1.43710e-01	7.64230e-01	3.01870e-01	-1.36370e-01	]	-8.34363e-01	1.08056e+00	3.14716e-01
[	3.57790e-01	1.73690e-01	8.02630e-01	3.30010e-01	-1.17720e-01	]	-8.52412e-01	1.07231e+00	3.00230e-01
[	3.85000e-01	2.01250e-01	8.37760e-01	3.55710e-01	-1.00760e-01	]	-8.68617e-01	1.06457e+00	2.86168e-01
[	4.09750e-01	2.26470e-01	8.69750e-01	3.79030e-01	-8.54470e-02	]	-8.83136e-01	1.05738e+00	2.72574e-01
[	4.32140e-01	2.49420e-01	8.98730e-01	4.00090e-01	-7.17040e-02	]	-8.96122e-01	1.05075e+00	2.59485e-01
[	4.52330e-01	2.70230e-01	9.24900e-01	4.19030e-01	-5.94400e-02	]	-9.07723e-01	1.04467e+00	2.46927e-01
[	4.70460e-01	2.89050e-01	9.48450e-01	4.35990e-01	-4.85490e-02	]	-9.18077e-01	1.03913e+00	2.34920e-01
[	4.86690e-01	3.06010e-01	9.69580e-01	4.51140e-01	-3.89190e-02	]	-9.27314e-01	1.03412e+00	2.23478e-01
[	5.01190e-01	3.21270e-01	9.88510e-01	4.64630e-01	-3.04350e-02	]	-9.35551e-01	1.02959e+00	2.12609e-01
[	5.14110e-01	3.34960e-01	1.00540e+00	4.76620e-01	-2.29850e-02	]	-9.42899e-01	1.02553e+00	2.02319e-01
[	5.25620e-01	3.47250e-01	1.02060e+00	4.87260e-01	-1.64590e-02	]	-9.49458e-01	1.02189e+00	1.92609e-01
[	5.35860e-01	3.58260e-01	1.03410e+00	4.96690e-01	-1.07540e-02	]	-9.55317e-01	1.01864e+00	1.83477e-01
[	5.44960e-01	3.68110e-01	1.04610e+00	5.05060e-01	-5.77020e-03	]	-9.60557e-01	1.01576e+00	1.74922e-01
[	5.53060e-01	3.76940e-01	1.05690e+00	5.12470e-01	-1.41740e-03	]	-9.65254e-01	1.01320e+00	1.66941e-01
[	5.60270e-01	3.84850e-01	1.06650e+00	5.19060e-01	2.38900e-03	]	-9.69473e-01	1.01094e+00	1.59530e-01
[	5.66710e-01	3.91940e-01	1.07510e+00	5.24920e-01	5.72690e-03	]	-9.73274e-01	1.00896e+00	1.52686e-01
[	5.72480e-01	3.98310e-01	1.08290e+00	5.30160e-01	8.66780e-03	]	-9.76712e-01	1.00723e+00	1.46409e-01
[	5.77660e-01	4.04040e-01	1.08990e+00	5.34860e-01	1.12770e-02	]	-9.79834e-01	1.00572e+00	1.40697e-01
[	5.82340e-01	4.09200e-01	1.09620e+00	5.39110e-01	1.36160e-02	]	-9.82685e-01	1.00442e+00	1.35555e-01
[	5.86600e-01	4.13880e-01	1.10200e+00	5.42980e-01	1.57390e-02	]	-9.85306e-01	1.00332e+00	1.30987e-01
[	5.90510e-01	4.18140e-01	1.10730e+00	5.46550e-01	1.76990e-02	]	-9.87734e-01	1.00239e+00	1.27004e-01
[	5.94140e-01	4.22020e-01	1.11220e+00	5.49870e-01	1.95450e-02	]	-9.90002e-01	1.00162e+00	1.23617e-01
[	5.97550e-01	4.25600e-01	1.11680e+00	5.53010e-01	2.13220e-02	]	-9.92141e-01	1.00101e+00	1.20846e-01
[	6.00790e-01	4.28910e-01	1.12120e+00	5.56030e-01	2.30730e-02	]	-9.94184e-01	1.00055e+00	1.18715e-01
[	6.03920e-01	4.32010e-01	1.12540e+00	5.58980e-01	2.48480e-02	]	-9.96155e-01	1.00023e+00	1.17254e-01
[	6.07100e-01	4.35010e-01	1.12970e+00	5.62010e-01	2.67380e-02	]	-9.98145e-01	1.00005e+00	1.16499e-01
[	6.10090e-01	4.37720e-01	1.13370e+00	5.64900e-01	2.86210e-02	]	-1.00000e+00	1.00000e+00	1.16499e-01
