,*,1,2,3,4,5,**,wb,eta,pot_elec
0,[,1.8613,1.8613,1.8613,1.8613,1.8613,],-1.0,0.999999,-2.15324
1,[,1.7392,1.7392,1.7392,1.7392,1.7392,],-0.958148,1.04012,-2.15324
2,[,1.6236,1.6236,1.6236,1.6236,1.6236,],-0.915406,1.07764,-2.15867
3,[,1.5283,1.5283,1.5283,1.5283,1.5283,],-0.877244,1.10829,-2.16911
4,[,1.4154,1.4154,1.4154,1.4154,1.4154,],-0.828746,1.14354,-2.18426
5,[,1.2644,1.2644,1.2644,1.2644,1.2644,],-0.758324,1.18771,-2.20375
6,[,1.061,1.061,1.061,1.061,1.061,],-0.650772,1.24033,-2.22707
7,[,0.80878,0.80878,0.80878,0.80878,0.80878,],-0.486734,1.28969,-2.25349
8,[,0.54877,0.54877,0.54877,0.54877,0.54877,],-0.246093,1.30508,-2.28202
9,[,0.36316,0.36316,0.36316,0.36316,0.36316,],0.0793506,1.24105,-2.31145
10,[,0.32521,0.32521,0.32521,0.32521,0.32521,],0.461027,1.075,-2.34055
11,[,0.41531,0.41531,0.41531,0.41531,0.41531,],0.819674,0.856182,-2.36835
12,[,0.5343,0.5343,0.5343,0.5343,0.5343,],1.07374,0.674834,-2.39427
13,[,0.61598,0.61598,0.61598,0.61598,0.61598,],1.20987,0.570705,-2.41813
14,[,0.65763,0.65763,0.65763,0.65763,0.65763,],1.2673,0.525517,-2.43992
15,[,0.67624,0.67624,0.67624,0.67624,0.67624,],1.2854,0.511135,-2.45976
16,[,0.68417,0.68417,0.68417,0.68417,0.68417,],1.28662,0.510164,-2.47778
17,[,0.68755,0.68755,0.68755,0.68755,0.68755,],1.28129,0.514407,-2.49413
18,[,0.68904,0.68904,0.68904,0.68904,0.68904,],1.27376,0.520388,-2.50896
19,[,0.68975,0.68975,0.68975,0.68975,0.68975,],1.26581,0.5267,-2.52239
20,[,0.69012,0.69012,0.69012,0.69012,0.69012,],1.2581,0.532801,-2.53455
21,[,0.69034,0.69034,0.69034,0.69034,0.69034,],1.25089,0.538498,-2.54556
22,[,0.69049,0.69049,0.69049,0.69049,0.69049,],1.24425,0.543737,-2.55553
23,[,0.6906,0.6906,0.6906,0.6906,0.6906,],1.23817,0.548524,-2.56454
24,[,0.69068,0.69068,0.69068,0.69068,0.69068,],1.23262,0.552884,-2.57268
25,[,0.69075,0.69075,0.69075,0.69075,0.69075,],1.22757,0.556848,-2.58005
26,[,0.6908,0.6908,0.6908,0.6908,0.6908,],1.22298,0.560451,-2.58671
27,[,0.69084,0.69084,0.69084,0.69084,0.69084,],1.2188,0.563725,-2.59272
28,[,0.69087,0.69087,0.69087,0.69087,0.69087,],1.21499,0.5667,-2.59815
29,[,0.69088,0.69088,0.69088,0.69088,0.69088,],1.21153,0.569403,-2.60306
30,[,0.69089,0.69089,0.69089,0.69089,0.69089,],1.20838,0.571861,-2.60748
31,[,0.69088,0.69088,0.69088,0.69088,0.69088,],1.20552,0.574096,-2.61148
32,[,0.69087,0.69087,0.69087,0.69087,0.69087,],1.20291,0.576131,-2.61509
33,[,0.69084,0.69084,0.69084,0.69084,0.69084,],1.20053,0.577985,-2.61834
34,[,0.69081,0.69081,0.69081,0.69081,0.69081,],1.19835,0.579675,-2.62127
35,[,0.69076,0.69076,0.69076,0.69076,0.69076,],1.19637,0.581217,-2.62392
36,[,0.69071,0.69071,0.69071,0.69071,0.69071,],1.19456,0.582627,-2.62631
37,[,0.69065,0.69065,0.69065,0.69065,0.69065,],1.1929,0.583917,-2.62846
38,[,0.69058,0.69058,0.69058,0.69058,0.69058,],1.19137,0.5851,-2.63039
39,[,0.69051,0.69051,0.69051,0.69051,0.69051,],1.18998,0.586186,-2.63214
40,[,0.69043,0.69043,0.69043,0.69043,0.69043,],1.18869,0.587185,-2.63371
41,[,0.69034,0.69034,0.69034,0.69034,0.69034,],1.1875,0.588107,-2.63513
42,[,0.69024,0.69024,0.69024,0.69024,0.69024,],1.1864,0.588958,-2.6364
43,[,0.69014,0.69014,0.69014,0.69014,0.69014,],1.18538,0.589747,-2.63755
44,[,0.69003,0.69003,0.69003,0.69003,0.69003,],1.18444,0.59048,-2.63858
45,[,0.68992,0.68992,0.68992,0.68992,0.68992,],1.18356,0.591163,-2.6395
46,[,0.6898,0.6898,0.6898,0.6898,0.6898,],1.18273,0.591802,-2.64034
47,[,0.68967,0.68967,0.68967,0.68967,0.68967,],1.18196,0.5924,-2.64108
48,[,0.68954,0.68954,0.68954,0.68954,0.68954,],1.18123,0.592963,-2.64175
49,[,0.68941,0.68941,0.68941,0.68941,0.68941,],1.18055,0.593495,-2.64235
50,[,0.68926,0.68926,0.68926,0.68926,0.68926,],1.1799,0.593998,-2.64289
51,[,0.68912,0.68912,0.68912,0.68912,0.68912,],1.17928,0.594477,-2.64337
52,[,0.68897,0.68897,0.68897,0.68897,0.68897,],1.17869,0.594934,-2.6438
53,[,0.68881,0.68881,0.68881,0.68881,0.68881,],1.17812,0.595371,-2.64418
54,[,0.68865,0.68865,0.68865,0.68865,0.68865,],1.17758,0.595791,-2.64453
55,[,0.68849,0.68849,0.68849,0.68849,0.68849,],1.17705,0.596197,-2.64483
56,[,0.68832,0.68832,0.68832,0.68832,0.68832,],1.17655,0.596589,-2.6451
57,[,0.68814,0.68814,0.68814,0.68814,0.68814,],1.17605,0.59697,-2.64534
58,[,0.68796,0.68796,0.68796,0.68796,0.68796,],1.17557,0.597341,-2.64555
59,[,0.68778,0.68778,0.68778,0.68778,0.68778,],1.1751,0.597704,-2.64573
60,[,0.6876,0.6876,0.6876,0.6876,0.6876,],1.17465,0.598059,-2.6459
61,[,0.68741,0.68741,0.68741,0.68741,0.68741,],1.17419,0.598408,-2.64604
62,[,0.68721,0.68721,0.68721,0.68721,0.68721,],1.17375,0.598752,-2.64616
63,[,0.68702,0.68702,0.68702,0.68702,0.68702,],1.17331,0.599091,-2.64627
64,[,0.68682,0.68682,0.68682,0.68682,0.68682,],1.17287,0.599427,-2.64636
65,[,0.68661,0.68661,0.68661,0.68661,0.68661,],1.17244,0.599761,-2.64643
66,[,0.6864,0.6864,0.6864,0.6864,0.6864,],1.17201,0.600092,-2.6465
67,[,0.68619,0.68619,0.68619,0.68619,0.68619,],1.17159,0.600421,-2.64655
68,[,0.68598,0.68598,0.68598,0.68598,0.68598,],1.17116,0.60075,-2.64659
69,[,0.68576,0.68576,0.68576,0.68576,0.68576,],1.17074,0.601077,-2.64662
70,[,0.68554,0.68554,0.68554,0.68554,0.68554,],1.17031,0.601405,-2.64664
71,[,0.68531,0.68531,0.68531,0.68531,0.68531,],1.16989,0.601732,-2.64666
72,[,0.68508,0.68508,0.68508,0.68508,0.68508,],1.16946,0.60206,-2.64666
73,[,0.68485,0.68485,0.68485,0.68485,0.68485,],1.16904,0.602389,-2.64667
74,[,0.68462,0.68462,0.68462,0.68462,0.68462,],1.16861,0.602719,-2.64666
75,[,0.68438,0.68438,0.68438,0.68438,0.68438,],1.16818,0.60305,-2.64665
76,[,0.68414,0.68414,0.68414,0.68414,0.68414,],1.16775,0.603382,-2.64663
77,[,0.6839,0.6839,0.6839,0.6839,0.6839,],1.16732,0.603716,-2.64661
78,[,0.68365,0.68365,0.68365,0.68365,0.68365,],1.16688,0.604051,-2.64658
79,[,0.6834,0.6834,0.6834,0.6834,0.6834,],1.16644,0.604389,-2.64655
80,[,0.68315,0.68315,0.68315,0.68315,0.68315,],1.166,0.604728,-2.64652
81,[,0.68289,0.68289,0.68289,0.68289,0.68289,],1.16556,0.605069,-2.64648
82,[,0.68264,0.68264,0.68264,0.68264,0.68264,],1.16511,0.605413,-2.64644
83,[,0.68237,0.68237,0.68237,0.68237,0.68237,],1.16467,0.605758,-2.64639
84,[,0.68211,0.68211,0.68211,0.68211,0.68211,],1.16421,0.606106,-2.64634
85,[,0.68184,0.68184,0.68184,0.68184,0.68184,],1.16376,0.606456,-2.64629
86,[,0.68157,0.68157,0.68157,0.68157,0.68157,],1.1633,0.606809,-2.64623
87,[,0.6813,0.6813,0.6813,0.6813,0.6813,],1.16284,0.607163,-2.64617
88,[,0.68103,0.68103,0.68103,0.68103,0.68103,],1.16238,0.60752,-2.64611
89,[,0.68075,0.68075,0.68075,0.68075,0.68075,],1.16191,0.607879,-2.64604
90,[,0.68047,0.68047,0.68047,0.68047,0.68047,],1.16144,0.60824,-2.64597
91,[,0.68018,0.68018,0.68018,0.68018,0.68018,],1.16097,0.608603,-2.6459
92,[,0.6799,0.6799,0.6799,0.6799,0.6799,],1.1605,0.608969,-2.64582
93,[,0.67961,0.67961,0.67961,0.67961,0.67961,],1.16002,0.609336,-2.64574
94,[,0.67932,0.67932,0.67932,0.67932,0.67932,],1.15954,0.609705,-2.64566
95,[,0.67902,0.67902,0.67902,0.67902,0.67902,],1.15906,0.610075,-2.64557
96,[,0.67872,0.67872,0.67872,0.67872,0.67872,],1.15857,0.610448,-2.64548
97,[,0.67842,0.67842,0.67842,0.67842,0.67842,],1.15809,0.610821,-2.64538
98,[,0.67812,0.67812,0.67812,0.67812,0.67812,],1.1576,0.611196,-2.64528
99,[,0.67782,0.67782,0.67782,0.67782,0.67782,],1.15711,0.611571,-2.64517
100,[,0.67751,0.67751,0.67751,0.67751,0.67751,],1.15662,0.611948,-2.64506
101,[,0.6772,0.6772,0.6772,0.6772,0.6772,],1.15613,0.612324,-2.64494
102,[,0.67688,0.67688,0.67688,0.67688,0.67688,],1.15564,0.612701,-2.64481
103,[,0.67657,0.67657,0.67657,0.67657,0.67657,],1.15515,0.613077,-2.64468
104,[,0.67625,0.67625,0.67625,0.67625,0.67625,],1.15466,0.613453,-2.64454
105,[,0.67592,0.67592,0.67592,0.67592,0.67592,],1.15418,0.613828,-2.64438
106,[,0.6756,0.6756,0.6756,0.6756,0.6756,],1.15369,0.614201,-2.64422
107,[,0.67527,0.67527,0.67527,0.67527,0.67527,],1.15321,0.614571,-2.64405
108,[,0.67494,0.67494,0.67494,0.67494,0.67494,],1.15273,0.614939,-2.64387
109,[,0.67461,0.67461,0.67461,0.67461,0.67461,],1.15225,0.615303,-2.64367
110,[,0.67427,0.67427,0.67427,0.67427,0.67427,],1.15179,0.615663,-2.64346
111,[,0.67394,0.67394,0.67394,0.67394,0.67394,],1.15132,0.616017,-2.64323
112,[,0.6736,0.6736,0.6736,0.6736,0.6736,],1.15087,0.616365,-2.64299
113,[,0.67325,0.67325,0.67325,0.67325,0.67325,],1.15043,0.616706,-2.64273
114,[,0.67291,0.67291,0.67291,0.67291,0.67291,],1.14999,0.617038,-2.64244
115,[,0.67256,0.67256,0.67256,0.67256,0.67256,],1.14957,0.617361,-2.64213
116,[,0.67221,0.67221,0.67221,0.67221,0.67221,],1.14917,0.617672,-2.6418
117,[,0.67186,0.67186,0.67186,0.67186,0.67186,],1.14878,0.61797,-2.64144
118,[,0.6715,0.6715,0.6715,0.6715,0.6715,],1.14841,0.618252,-2.64104
119,[,0.67115,0.67115,0.67115,0.67115,0.67115,],1.14806,0.618518,-2.64061
120,[,0.67079,0.67079,0.67079,0.67079,0.67079,],1.14774,0.618765,-2.64014
121,[,0.67043,0.67043,0.67043,0.67043,0.67043,],1.14745,0.61899,-2.63963
122,[,0.67006,0.67006,0.67006,0.67006,0.67006,],1.14719,0.61919,-2.63907
123,[,0.6697,0.6697,0.6697,0.6697,0.6697,],1.14696,0.619362,-2.63846
124,[,0.66933,0.66933,0.66933,0.66933,0.66933,],1.14678,0.619503,-2.63779
125,[,0.66897,0.66897,0.66897,0.66897,0.66897,],1.14664,0.619609,-2.63706
126,[,0.6686,0.6686,0.6686,0.6686,0.6686,],1.14655,0.619676,-2.63625
127,[,0.66823,0.66823,0.66823,0.66823,0.66823,],1.14652,0.619699,-2.63537
128,[,0.66786,0.66786,0.66786,0.66786,0.66786,],1.14656,0.619672,-2.63439
129,[,0.66748,0.66748,0.66748,0.66748,0.66748,],1.14666,0.619591,-2.63332
130,[,0.66711,0.66711,0.66711,0.66711,0.66711,],1.14685,0.619448,-2.63214
131,[,0.66674,0.66674,0.66674,0.66674,0.66674,],1.14713,0.619236,-2.63084
132,[,0.66637,0.66637,0.66637,0.66637,0.66637,],1.1475,0.618949,-2.62941
133,[,0.666,0.666,0.666,0.666,0.666,],1.14799,0.618576,-2.62784
134,[,0.66563,0.66563,0.66563,0.66563,0.66563,],1.1486,0.61811,-2.6261
135,[,0.66526,0.66526,0.66526,0.66526,0.66526,],1.14934,0.617538,-2.62418
136,[,0.66489,0.66489,0.66489,0.66489,0.66489,],1.15024,0.61685,-2.62206
137,[,0.66452,0.66452,0.66452,0.66452,0.66452,],1.1513,0.616033,-2.61972
138,[,0.66416,0.66416,0.66416,0.66416,0.66416,],1.15255,0.615073,-2.61714
139,[,0.66379,0.66379,0.66379,0.66379,0.66379,],1.15401,0.613955,-2.61428
140,[,0.66344,0.66344,0.66344,0.66344,0.66344,],1.15569,0.612662,-2.61113
141,[,0.66308,0.66308,0.66308,0.66308,0.66308,],1.15763,0.611174,-2.60764
142,[,0.66273,0.66273,0.66273,0.66273,0.66273,],1.15984,0.609473,-2.60379
143,[,0.66238,0.66238,0.66238,0.66238,0.66238,],1.16236,0.607535,-2.59953
144,[,0.66204,0.66204,0.66204,0.66204,0.66204,],1.16521,0.605336,-2.59482
145,[,0.66171,0.66171,0.66171,0.66171,0.66171,],1.16844,0.60285,-2.58962
146,[,0.66138,0.66138,0.66138,0.66138,0.66138,],1.17207,0.600048,-2.58386
147,[,0.66106,0.66106,0.66106,0.66106,0.66106,],1.17615,0.596898,-2.5775
148,[,0.66074,0.66074,0.66074,0.66074,0.66074,],1.18071,0.593365,-2.57047
149,[,0.66044,0.66044,0.66044,0.66044,0.66044,],1.18582,0.589413,-2.5627
150,[,0.66014,0.66014,0.66014,0.66014,0.66014,],1.1915,0.585001,-2.55411
151,[,0.65985,0.65985,0.65985,0.65985,0.65985,],1.19783,0.580084,-2.54462
152,[,0.65957,0.65957,0.65957,0.65957,0.65957,],1.20485,0.574617,-2.53413
153,[,0.6593,0.6593,0.6593,0.6593,0.6593,],1.21263,0.568548,-2.52256
154,[,0.65904,0.65904,0.65904,0.65904,0.65904,],1.22123,0.561822,-2.50978
155,[,0.65879,0.65879,0.65879,0.65879,0.65879,],1.23072,0.554381,-2.49567
156,[,0.65855,0.65855,0.65855,0.65855,0.65855,],1.24117,0.546163,-2.48011
157,[,0.65831,0.65831,0.65831,0.65831,0.65831,],1.25266,0.5371,-2.46294
158,[,0.65809,0.65809,0.65809,0.65809,0.65809,],1.26527,0.527124,-2.44403
159,[,0.65787,0.65787,0.65787,0.65787,0.65787,],1.27908,0.516165,-2.42319
160,[,0.65764,0.65764,0.65764,0.65764,0.65764,],1.29415,0.504155,-2.40025
161,[,0.65738,0.65738,0.65738,0.65738,0.65738,],1.31054,0.491044,-2.37502
162,[,0.65702,0.65702,0.65702,0.65702,0.65702,],1.32824,0.476828,-2.34727
163,[,0.65638,0.65638,0.65638,0.65638,0.65638,],1.34707,0.461637,-2.3168
164,[,0.65501,0.65501,0.65501,0.65501,0.65501,],1.3664,0.445964,-2.28335
165,[,0.65167,0.65167,0.65167,0.65167,0.65167,],1.38444,0.431283,-2.24669
166,[,0.64304,0.64304,0.64304,0.64304,0.64304,],1.39616,0.421713,-2.20653
167,[,0.62044,0.62044,0.62044,0.62044,0.62044,],1.38823,0.428191,-2.16261
168,[,0.56405,0.56405,0.56405,0.56405,0.56405,],1.32836,0.476725,-2.11467
169,[,0.44425,0.44425,0.44425,0.44425,0.44425,],1.15618,0.612277,-2.06248
170,[,0.27018,0.27018,0.27018,0.27018,0.27018,],0.819069,0.856553,-2.00594
171,[,0.16466,0.16466,0.16466,0.16466,0.16466,],0.36637,1.12352,-1.94527
172,[,0.2605,0.2605,0.2605,0.2605,0.2605,],-0.0695574,1.28074,-1.88116
173,[,0.52755,0.52755,0.52755,0.52755,0.52755,],-0.405238,1.30179,-1.81485
174,[,0.83758,0.83758,0.83758,0.83758,0.83758,],-0.633102,1.24729,-1.74775
175,[,1.0976,1.0976,1.0976,1.0976,1.0976,],-0.777728,1.1763,-1.68114
176,[,1.2796,1.2796,1.2796,1.2796,1.2796,],-0.866353,1.11653,-1.61592
177,[,1.3928,1.3928,1.3928,1.3928,1.3928,],-0.919721,1.07399,-1.55268
178,[,1.4562,1.4562,1.4562,1.4562,1.4562,],-0.951625,1.04607,-1.49171
179,[,1.487,1.487,1.487,1.487,1.487,],-0.970674,1.02847,-1.43314
180,[,1.4977,1.4977,1.4977,1.4977,1.4977,],-0.982076,1.0176,-1.37699
181,[,1.4963,1.4963,1.4963,1.4963,1.4963,],-0.988936,1.01094,-1.3232
182,[,1.4881,1.4881,1.4881,1.4881,1.4881,],-0.993091,1.00686,-1.27171
183,[,1.4759,1.4759,1.4759,1.4759,1.4759,],-0.995629,1.00435,-1.22242
184,[,1.4617,1.4617,1.4617,1.4617,1.4617,],-0.997194,1.0028,-1.17522
185,[,1.4465,1.4465,1.4465,1.4465,1.4465,],-0.99817,1.00183,-1.13002
186,[,1.431,1.431,1.431,1.431,1.431,],-0.998785,1.00121,-1.08671
187,[,1.4156,1.4156,1.4156,1.4156,1.4156,],-0.999178,1.00082,-1.04521
188,[,1.4005,1.4005,1.4005,1.4005,1.4005,],-0.999434,1.00057,-1.00542
189,[,1.3857,1.3857,1.3857,1.3857,1.3857,],-0.999602,1.0004,-0.96726
190,[,1.3714,1.3714,1.3714,1.3714,1.3714,],-0.999715,1.00029,-0.930653
191,[,1.3576,1.3576,1.3576,1.3576,1.3576,],-0.999792,1.00021,-0.895524
192,[,1.3443,1.3443,1.3443,1.3443,1.3443,],-0.999845,1.00016,-0.861803
193,[,1.3314,1.3314,1.3314,1.3314,1.3314,],-0.999883,1.00012,-0.829425
194,[,1.3191,1.3191,1.3191,1.3191,1.3191,],-0.99991,1.00009,-0.798329
195,[,1.3072,1.3072,1.3072,1.3072,1.3072,],-0.99993,1.00007,-0.768457
196,[,1.2957,1.2957,1.2957,1.2957,1.2957,],-0.999945,1.00006,-0.739755
197,[,1.2847,1.2847,1.2847,1.2847,1.2847,],-0.999957,1.00004,-0.71217
198,[,1.2742,1.2742,1.2742,1.2742,1.2742,],-0.999965,1.00004,-0.685656
199,[,1.264,1.264,1.264,1.264,1.264,],-0.999972,1.00003,-0.660165
200,[,1.2542,1.2542,1.2542,1.2542,1.2542,],-0.999978,1.00002,-0.635654
201,[,1.2448,1.2448,1.2448,1.2448,1.2448,],-0.999982,1.00002,-0.612083
202,[,1.2357,1.2357,1.2357,1.2357,1.2357,],-0.999985,1.00002,-0.589412
203,[,1.227,1.227,1.227,1.227,1.227,],-0.999988,1.00001,-0.567603
204,[,1.2186,1.2186,1.2186,1.2186,1.2186,],-0.99999,1.00001,-0.546622
205,[,1.2105,1.2105,1.2105,1.2105,1.2105,],-0.999992,1.00001,-0.526435
206,[,1.2028,1.2028,1.2028,1.2028,1.2028,],-0.999993,1.00001,-0.50701
207,[,1.1953,1.1953,1.1953,1.1953,1.1953,],-0.999994,1.00001,-0.488316
208,[,1.1881,1.1881,1.1881,1.1881,1.1881,],-0.999995,1.00001,-0.470325
209,[,1.1812,1.1812,1.1812,1.1812,1.1812,],-0.999996,1.0,-0.453008
210,[,1.1745,1.1745,1.1745,1.1745,1.1745,],-0.999997,1.0,-0.436339
211,[,1.1681,1.1681,1.1681,1.1681,1.1681,],-0.999997,1.0,-0.420293
212,[,1.1619,1.1619,1.1619,1.1619,1.1619,],-0.999998,1.0,-0.404845
213,[,1.156,1.156,1.156,1.156,1.156,],-0.999998,1.0,-0.389973
214,[,1.1503,1.1503,1.1503,1.1503,1.1503,],-0.999998,1.0,-0.375653
215,[,1.1447,1.1447,1.1447,1.1447,1.1447,],-0.999999,1.0,-0.361866
216,[,1.1394,1.1394,1.1394,1.1394,1.1394,],-0.999999,1.0,-0.348589
217,[,1.1343,1.1343,1.1343,1.1343,1.1343,],-0.999999,1.0,-0.335804
218,[,1.1294,1.1294,1.1294,1.1294,1.1294,],-0.999999,1.0,-0.323493
219,[,1.1247,1.1247,1.1247,1.1247,1.1247,],-0.999999,1.0,-0.311637
220,[,1.1201,1.1201,1.1201,1.1201,1.1201,],-0.999999,1.0,-0.300218
221,[,1.1157,1.1157,1.1157,1.1157,1.1157,],-1.0,1.0,-0.289221
222,[,1.1115,1.1115,1.1115,1.1115,1.1115,],-1.0,1.0,-0.27863
223,[,1.1074,1.1074,1.1074,1.1074,1.1074,],-1.0,1.0,-0.268428
224,[,1.1034,1.1034,1.1034,1.1034,1.1034,],-1.0,1.0,-0.258603
225,[,1.0997,1.0997,1.0997,1.0997,1.0997,],-1.0,1.0,-0.249139
226,[,1.096,1.096,1.096,1.096,1.096,],-1.0,1.0,-0.240023
227,[,1.0925,1.0925,1.0925,1.0925,1.0925,],-1.0,1.0,-0.231242
228,[,1.0891,1.0891,1.0891,1.0891,1.0891,],-1.0,1.0,-0.222784
229,[,1.0859,1.0859,1.0859,1.0859,1.0859,],-1.0,1.0,-0.214636
230,[,1.0827,1.0827,1.0827,1.0827,1.0827,],-1.0,1.0,-0.206787
231,[,1.0797,1.0797,1.0797,1.0797,1.0797,],-1.0,1.0,-0.199227
232,[,1.0768,1.0768,1.0768,1.0768,1.0768,],-1.0,1.0,-0.191944
233,[,1.074,1.074,1.074,1.074,1.074,],-1.0,1.0,-0.184927
234,[,1.0713,1.0713,1.0713,1.0713,1.0713,],-1.0,1.0,-0.178168
235,[,1.0687,1.0687,1.0687,1.0687,1.0687,],-1.0,1.0,-0.171657
236,[,1.0662,1.0662,1.0662,1.0662,1.0662,],-1.0,1.0,-0.165384
237,[,1.0637,1.0637,1.0637,1.0637,1.0637,],-1.0,1.0,-0.159341
238,[,1.0614,1.0614,1.0614,1.0614,1.0614,],-1.0,1.0,-0.153519
239,[,1.0592,1.0592,1.0592,1.0592,1.0592,],-1.0,1.0,-0.14791
240,[,1.057,1.057,1.057,1.057,1.057,],-1.0,1.0,-0.142507
241,[,1.0549,1.0549,1.0549,1.0549,1.0549,],-1.0,1.0,-0.137301
242,[,1.0529,1.0529,1.0529,1.0529,1.0529,],-1.0,1.0,-0.132286
243,[,1.051,1.051,1.051,1.051,1.051,],-1.0,1.0,-0.127454
244,[,1.0491,1.0491,1.0491,1.0491,1.0491,],-1.0,1.0,-0.122799
245,[,1.0473,1.0473,1.0473,1.0473,1.0473,],-1.0,1.0,-0.118314
246,[,1.0456,1.0456,1.0456,1.0456,1.0456,],-1.0,1.0,-0.113993
247,[,1.0439,1.0439,1.0439,1.0439,1.0439,],-1.0,1.0,-0.10983
248,[,1.0423,1.0423,1.0423,1.0423,1.0423,],-1.0,1.0,-0.105819
249,[,1.0408,1.0408,1.0408,1.0408,1.0408,],-1.0,1.0,-0.101955
250,[,1.0393,1.0393,1.0393,1.0393,1.0393,],-1.0,1.0,-0.0982321
251,[,1.0379,1.0379,1.0379,1.0379,1.0379,],-1.0,1.0,-0.0946452
252,[,1.0365,1.0365,1.0365,1.0365,1.0365,],-1.0,1.0,-0.0911894
253,[,1.0351,1.0351,1.0351,1.0351,1.0351,],-1.0,1.0,-0.0878599
254,[,1.0339,1.0339,1.0339,1.0339,1.0339,],-1.0,1.0,-0.0846519
255,[,1.0326,1.0326,1.0326,1.0326,1.0326,],-1.0,1.0,-0.0815612
256,[,1.0314,1.0314,1.0314,1.0314,1.0314,],-1.0,1.0,-0.0785834
257,[,1.0303,1.0303,1.0303,1.0303,1.0303,],-1.0,1.0,-0.0757144
258,[,1.0292,1.0292,1.0292,1.0292,1.0292,],-1.0,1.0,-0.0729501
259,[,1.0281,1.0281,1.0281,1.0281,1.0281,],-1.0,1.0,-0.0702868
260,[,1.0271,1.0271,1.0271,1.0271,1.0271,],-1.0,1.0,-0.0677208
261,[,1.0261,1.0261,1.0261,1.0261,1.0261,],-1.0,1.0,-0.0652485
262,[,1.0251,1.0251,1.0251,1.0251,1.0251,],-1.0,1.0,-0.0628665
263,[,1.0242,1.0242,1.0242,1.0242,1.0242,],-1.0,1.0,-0.0605715
264,[,1.0233,1.0233,1.0233,1.0233,1.0233,],-1.0,1.0,-0.0583603
265,[,1.0225,1.0225,1.0225,1.0225,1.0225,],-1.0,1.0,-0.0562298
266,[,1.0217,1.0217,1.0217,1.0217,1.0217,],-1.0,1.0,-0.0541771
267,[,1.0209,1.0209,1.0209,1.0209,1.0209,],-1.0,1.0,-0.0521994
268,[,1.0201,1.0201,1.0201,1.0201,1.0201,],-1.0,1.0,-0.0502939
269,[,1.0194,1.0194,1.0194,1.0194,1.0194,],-1.0,1.0,-0.0484579
270,[,1.0187,1.0187,1.0187,1.0187,1.0187,],-1.0,1.0,-0.046689
271,[,1.018,1.018,1.018,1.018,1.018,],-1.0,1.0,-0.0449847
272,[,1.0173,1.0173,1.0173,1.0173,1.0173,],-1.0,1.0,-0.0433426
273,[,1.0167,1.0167,1.0167,1.0167,1.0167,],-1.0,1.0,-0.0417604
274,[,1.0161,1.0161,1.0161,1.0161,1.0161,],-1.0,1.0,-0.040236
275,[,1.0155,1.0155,1.0155,1.0155,1.0155,],-1.0,1.0,-0.0387673
276,[,1.0149,1.0149,1.0149,1.0149,1.0149,],-1.0,1.0,-0.0373522
277,[,1.0144,1.0144,1.0144,1.0144,1.0144,],-1.0,1.0,-0.0359887
278,[,1.0139,1.0139,1.0139,1.0139,1.0139,],-1.0,1.0,-0.0346751
279,[,1.0134,1.0134,1.0134,1.0134,1.0134,],-1.0,1.0,-0.0334093
280,[,1.0129,1.0129,1.0129,1.0129,1.0129,],-1.0,1.0,-0.0321898
281,[,1.0124,1.0124,1.0124,1.0124,1.0124,],-1.0,1.0,-0.0310148
282,[,1.012,1.012,1.012,1.012,1.012,],-1.0,1.0,-0.0298827
283,[,1.0115,1.0115,1.0115,1.0115,1.0115,],-1.0,1.0,-0.0287919
284,[,1.0111,1.0111,1.0111,1.0111,1.0111,],-1.0,1.0,-0.027741
285,[,1.0107,1.0107,1.0107,1.0107,1.0107,],-1.0,1.0,-0.0267284
286,[,1.0103,1.0103,1.0103,1.0103,1.0103,],-1.0,1.0,-0.0257528
287,[,1.0099,1.0099,1.0099,1.0099,1.0099,],-1.0,1.0,-0.0248127
288,[,1.0096,1.0096,1.0096,1.0096,1.0096,],-1.0,1.0,-0.023907
289,[,1.0092,1.0092,1.0092,1.0092,1.0092,],-1.0,1.0,-0.0230344
290,[,1.0089,1.0089,1.0089,1.0089,1.0089,],-1.0,1.0,-0.0221936
291,[,1.0086,1.0086,1.0086,1.0086,1.0086,],-1.0,1.0,-0.0213835
292,[,1.0082,1.0082,1.0082,1.0082,1.0082,],-1.0,1.0,-0.020603
293,[,1.0079,1.0079,1.0079,1.0079,1.0079,],-1.0,1.0,-0.0198509
294,[,1.0077,1.0077,1.0077,1.0077,1.0077,],-1.0,1.0,-0.0191264
295,[,1.0074,1.0074,1.0074,1.0074,1.0074,],-1.0,1.0,-0.0184282
296,[,1.0071,1.0071,1.0071,1.0071,1.0071,],-1.0,1.0,-0.0177556
297,[,1.0068,1.0068,1.0068,1.0068,1.0068,],-1.0,1.0,-0.0171075
298,[,1.0066,1.0066,1.0066,1.0066,1.0066,],-1.0,1.0,-0.016483
299,[,1.0064,1.0064,1.0064,1.0064,1.0064,],-1.0,1.0,-0.0158814
300,[,1.0061,1.0061,1.0061,1.0061,1.0061,],-1.0,1.0,-0.0153017
301,[,1.0059,1.0059,1.0059,1.0059,1.0059,],-1.0,1.0,-0.0147432
302,[,1.0057,1.0057,1.0057,1.0057,1.0057,],-1.0,1.0,-0.014205
303,[,1.0055,1.0055,1.0055,1.0055,1.0055,],-1.0,1.0,-0.0136865
304,[,1.0053,1.0053,1.0053,1.0053,1.0053,],-1.0,1.0,-0.013187
305,[,1.0051,1.0051,1.0051,1.0051,1.0051,],-1.0,1.0,-0.0127056
306,[,1.0049,1.0049,1.0049,1.0049,1.0049,],-1.0,1.0,-0.0122419
307,[,1.0047,1.0047,1.0047,1.0047,1.0047,],-1.0,1.0,-0.011795
308,[,1.0045,1.0045,1.0045,1.0045,1.0045,],-1.0,1.0,-0.0113645
309,[,1.0044,1.0044,1.0044,1.0044,1.0044,],-1.0,1.0,-0.0109497
310,[,1.0042,1.0042,1.0042,1.0042,1.0042,],-1.0,1.0,-0.01055
311,[,1.0041,1.0041,1.0041,1.0041,1.0041,],-1.0,1.0,-0.0101649
312,[,1.0039,1.0039,1.0039,1.0039,1.0039,],-1.0,1.0,-0.0097939
313,[,1.0038,1.0038,1.0038,1.0038,1.0038,],-1.0,1.0,-0.00943641
314,[,1.0036,1.0036,1.0036,1.0036,1.0036,],-1.0,1.0,-0.00909198
315,[,1.0035,1.0035,1.0035,1.0035,1.0035,],-1.0,1.0,-0.00876011
316,[,1.0034,1.0034,1.0034,1.0034,1.0034,],-1.0,1.0,-0.00844036
317,[,1.0033,1.0033,1.0033,1.0033,1.0033,],-1.0,1.0,-0.00813228
318,[,1.0031,1.0031,1.0031,1.0031,1.0031,],-1.0,1.0,-0.00783545
319,[,1.003,1.003,1.003,1.003,1.003,],-1.0,1.0,-0.00754945
320,[,1.0029,1.0029,1.0029,1.0029,1.0029,],-1.0,1.0,-0.00727389
321,[,1.0028,1.0028,1.0028,1.0028,1.0028,],-1.0,1.0,-0.00700839
322,[,1.0027,1.0027,1.0027,1.0027,1.0027,],-1.0,1.0,-0.00675258
323,[,1.0026,1.0026,1.0026,1.0026,1.0026,],-1.0,1.0,-0.0065061
324,[,1.0025,1.0025,1.0025,1.0025,1.0025,],-1.0,1.0,-0.00626862
325,[,1.0024,1.0024,1.0024,1.0024,1.0024,],-1.0,1.0,-0.00603982
326,[,1.0023,1.0023,1.0023,1.0023,1.0023,],-1.0,1.0,-0.00581936
327,[,1.0022,1.0022,1.0022,1.0022,1.0022,],-1.0,1.0,-0.00560695
328,[,1.0022,1.0022,1.0022,1.0022,1.0022,],-1.0,1.0,-0.00540229
329,[,1.0021,1.0021,1.0021,1.0021,1.0021,],-1.0,1.0,-0.0052051
330,[,1.002,1.002,1.002,1.002,1.002,],-1.0,1.0,-0.00501511
331,[,1.0019,1.0019,1.0019,1.0019,1.0019,],-1.0,1.0,-0.00483206
332,[,1.0019,1.0019,1.0019,1.0019,1.0019,],-1.0,1.0,-0.00465568
333,[,1.0018,1.0018,1.0018,1.0018,1.0018,],-1.0,1.0,-0.00448575
334,[,1.0017,1.0017,1.0017,1.0017,1.0017,],-1.0,1.0,-0.00432202
335,[,1.0017,1.0017,1.0017,1.0017,1.0017,],-1.0,1.0,-0.00416426
336,[,1.0016,1.0016,1.0016,1.0016,1.0016,],-1.0,1.0,-0.00401226
337,[,1.0015,1.0015,1.0015,1.0015,1.0015,],-1.0,1.0,-0.00386581
338,[,1.0015,1.0015,1.0015,1.0015,1.0015,],-1.0,1.0,-0.00372471
339,[,1.0014,1.0014,1.0014,1.0014,1.0014,],-1.0,1.0,-0.00358875
340,[,1.0014,1.0014,1.0014,1.0014,1.0014,],-1.0,1.0,-0.00345776
341,[,1.0013,1.0013,1.0013,1.0013,1.0013,],-1.0,1.0,-0.00333155
342,[,1.0013,1.0013,1.0013,1.0013,1.0013,],-1.0,1.0,-0.00320995
343,[,1.0012,1.0012,1.0012,1.0012,1.0012,],-1.0,1.0,-0.00309278
344,[,1.0012,1.0012,1.0012,1.0012,1.0012,],-1.0,1.0,-0.00297989
345,[,1.0011,1.0011,1.0011,1.0011,1.0011,],-1.0,1.0,-0.00287112
346,[,1.0011,1.0011,1.0011,1.0011,1.0011,],-1.0,1.0,-0.00276633
347,[,1.0011,1.0011,1.0011,1.0011,1.0011,],-1.0,1.0,-0.00266535
348,[,1.001,1.001,1.001,1.001,1.001,],-1.0,1.0,-0.00256807
349,[,1.001,1.001,1.001,1.001,1.001,],-1.0,1.0,-0.00247433
350,[,1.001,1.001,1.001,1.001,1.001,],-1.0,1.0,-0.00238402
351,[,1.0009,1.0009,1.0009,1.0009,1.0009,],-1.0,1.0,-0.002297
352,[,1.0009,1.0009,1.0009,1.0009,1.0009,],-1.0,1.0,-0.00221316
353,[,1.0009,1.0009,1.0009,1.0009,1.0009,],-1.0,1.0,-0.00213237
354,[,1.0008,1.0008,1.0008,1.0008,1.0008,],-1.0,1.0,-0.00205454
355,[,1.0008,1.0008,1.0008,1.0008,1.0008,],-1.0,1.0,-0.00197955
356,[,1.0008,1.0008,1.0008,1.0008,1.0008,],-1.0,1.0,-0.00190729
357,[,1.0007,1.0007,1.0007,1.0007,1.0007,],-1.0,1.0,-0.00183768
358,[,1.0007,1.0007,1.0007,1.0007,1.0007,],-1.0,1.0,-0.0017706
359,[,1.0007,1.0007,1.0007,1.0007,1.0007,],-1.0,1.0,-0.00170597
360,[,1.0007,1.0007,1.0007,1.0007,1.0007,],-1.0,1.0,-0.0016437
361,[,1.0006,1.0006,1.0006,1.0006,1.0006,],-1.0,1.0,-0.00158371
362,[,1.0006,1.0006,1.0006,1.0006,1.0006,],-1.0,1.0,-0.0015259
363,[,1.0006,1.0006,1.0006,1.0006,1.0006,],-1.0,1.0,-0.0014702
364,[,1.0006,1.0006,1.0006,1.0006,1.0006,],-1.0,1.0,-0.00141654
365,[,1.0005,1.0005,1.0005,1.0005,1.0005,],-1.0,1.0,-0.00136484
366,[,1.0005,1.0005,1.0005,1.0005,1.0005,],-1.0,1.0,-0.00131502
367,[,1.0005,1.0005,1.0005,1.0005,1.0005,],-1.0,1.0,-0.00126702
368,[,1.0005,1.0005,1.0005,1.0005,1.0005,],-1.0,1.0,-0.00122077
369,[,1.0005,1.0005,1.0005,1.0005,1.0005,],-1.0,1.0,-0.00117621
370,[,1.0005,1.0005,1.0005,1.0005,1.0005,],-1.0,1.0,-0.00113328
371,[,1.0004,1.0004,1.0004,1.0004,1.0004,],-1.0,1.0,-0.00109192
372,[,1.0004,1.0004,1.0004,1.0004,1.0004,],-1.0,1.0,-0.00105206
373,[,1.0004,1.0004,1.0004,1.0004,1.0004,],-1.0,1.0,-0.00101366
374,[,1.0004,1.0004,1.0004,1.0004,1.0004,],-1.0,1.0,-0.000976659
375,[,1.0004,1.0004,1.0004,1.0004,1.0004,],-1.0,1.0,-0.000941011
376,[,1.0004,1.0004,1.0004,1.0004,1.0004,],-1.0,1.0,-0.000906663
377,[,1.0003,1.0003,1.0003,1.0003,1.0003,],-1.0,1.0,-0.000873569
378,[,1.0003,1.0003,1.0003,1.0003,1.0003,],-1.0,1.0,-0.000841684
379,[,1.0003,1.0003,1.0003,1.0003,1.0003,],-1.0,1.0,-0.000810962
380,[,1.0003,1.0003,1.0003,1.0003,1.0003,],-1.0,1.0,-0.000781361
381,[,1.0003,1.0003,1.0003,1.0003,1.0003,],-1.0,1.0,-0.000752841
382,[,1.0003,1.0003,1.0003,1.0003,1.0003,],-1.0,1.0,-0.000725362
383,[,1.0003,1.0003,1.0003,1.0003,1.0003,],-1.0,1.0,-0.000698885
384,[,1.0003,1.0003,1.0003,1.0003,1.0003,],-1.0,1.0,-0.000673376
385,[,1.0003,1.0003,1.0003,1.0003,1.0003,],-1.0,1.0,-0.000648797
386,[,1.0003,1.0003,1.0003,1.0003,1.0003,],-1.0,1.0,-0.000625115
387,[,1.0002,1.0002,1.0002,1.0002,1.0002,],-1.0,1.0,-0.000602298
388,[,1.0002,1.0002,1.0002,1.0002,1.0002,],-1.0,1.0,-0.000580314
389,[,1.0002,1.0002,1.0002,1.0002,1.0002,],-1.0,1.0,-0.000559132
390,[,1.0002,1.0002,1.0002,1.0002,1.0002,],-1.0,1.0,-0.000538724
391,[,1.0002,1.0002,1.0002,1.0002,1.0002,],-1.0,1.0,-0.00051906
392,[,1.0002,1.0002,1.0002,1.0002,1.0002,],-1.0,1.0,-0.000500114
393,[,1.0002,1.0002,1.0002,1.0002,1.0002,],-1.0,1.0,-0.000481859
394,[,1.0002,1.0002,1.0002,1.0002,1.0002,],-1.0,1.0,-0.000464271
395,[,1.0002,1.0002,1.0002,1.0002,1.0002,],-1.0,1.0,-0.000447325
396,[,1.0002,1.0002,1.0002,1.0002,1.0002,],-1.0,1.0,-0.000430997
397,[,1.0002,1.0002,1.0002,1.0002,1.0002,],-1.0,1.0,-0.000415266
398,[,1.0002,1.0002,1.0002,1.0002,1.0002,],-1.0,1.0,-0.000400108
399,[,1.0002,1.0002,1.0002,1.0002,1.0002,],-1.0,1.0,-0.000385504
400,[,1.0001,1.0001,1.0001,1.0001,1.0001,],-1.0,1.0,-0.000371433
401,[,1.0001,1.0001,1.0001,1.0001,1.0001,],-1.0,1.0,-0.000357875
402,[,1.0001,1.0001,1.0001,1.0001,1.0001,],-1.0,1.0,-0.000344813
403,[,1.0001,1.0001,1.0001,1.0001,1.0001,],-1.0,1.0,-0.000332227
404,[,1.0001,1.0001,1.0001,1.0001,1.0001,],-1.0,1.0,-0.0003201
405,[,1.0001,1.0001,1.0001,1.0001,1.0001,],-1.0,1.0,-0.000308416
406,[,1.0001,1.0001,1.0001,1.0001,1.0001,],-1.0,1.0,-0.000297159
407,[,1.0001,1.0001,1.0001,1.0001,1.0001,],-1.0,1.0,-0.000286312
408,[,1.0001,1.0001,1.0001,1.0001,1.0001,],-1.0,1.0,-0.000275862
409,[,1.0001,1.0001,1.0001,1.0001,1.0001,],-1.0,1.0,-0.000265793
410,[,1.0001,1.0001,1.0001,1.0001,1.0001,],-1.0,1.0,-0.000256091
411,[,1.0001,1.0001,1.0001,1.0001,1.0001,],-1.0,1.0,-0.000246744
412,[,1.0001,1.0001,1.0001,1.0001,1.0001,],-1.0,1.0,-0.000237737
413,[,1.0001,1.0001,1.0001,1.0001,1.0001,],-1.0,1.0,-0.00022906
414,[,1.0001,1.0001,1.0001,1.0001,1.0001,],-1.0,1.0,-0.000220699
415,[,1.0001,1.0001,1.0001,1.0001,1.0001,],-1.0,1.0,-0.000212643
416,[,1.0001,1.0001,1.0001,1.0001,1.0001,],-1.0,1.0,-0.000204882
417,[,1.0001,1.0001,1.0001,1.0001,1.0001,],-1.0,1.0,-0.000197403
418,[,1.0001,1.0001,1.0001,1.0001,1.0001,],-1.0,1.0,-0.000190198
419,[,1.0001,1.0001,1.0001,1.0001,1.0001,],-1.0,1.0,-0.000183256
420,[,1.0001,1.0001,1.0001,1.0001,1.0001,],-1.0,1.0,-0.000176567
421,[,1.0001,1.0001,1.0001,1.0001,1.0001,],-1.0,1.0,-0.000170122
422,[,1.0001,1.0001,1.0001,1.0001,1.0001,],-1.0,1.0,-0.000163912
423,[,1.0001,1.0001,1.0001,1.0001,1.0001,],-1.0,1.0,-0.000157929
424,[,1.0001,1.0001,1.0001,1.0001,1.0001,],-1.0,1.0,-0.000152165
425,[,1.0001,1.0001,1.0001,1.0001,1.0001,],-1.0,1.0,-0.000146611
426,[,1.0001,1.0001,1.0001,1.0001,1.0001,],-1.0,1.0,-0.000141259
427,[,1.0001,1.0001,1.0001,1.0001,1.0001,],-1.0,1.0,-0.000136103
428,[,1.0001,1.0001,1.0001,1.0001,1.0001,],-1.0,1.0,-0.000131135
429,[,1.0001,1.0001,1.0001,1.0001,1.0001,],-1.0,1.0,-0.000126349
430,[,1.0,1.0,1.0,1.0,1.0,],-1.0,1.0,-0.000121737
431,[,1.0,1.0,1.0,1.0,1.0,],-1.0,1.0,-0.000117294
432,[,1.0,1.0,1.0,1.0,1.0,],-1.0,1.0,-0.000113012
433,[,1.0,1.0,1.0,1.0,1.0,],-1.0,1.0,-0.000108887
434,[,1.0,1.0,1.0,1.0,1.0,],-1.0,1.0,-0.000104913
435,[,1.0,1.0,1.0,1.0,1.0,],-1.0,1.0,-0.000101083
436,[,1.0,1.0,1.0,1.0,1.0,],-1.0,1.0,-9.73938e-05
437,[,1.0,1.0,1.0,1.0,1.0,],-1.0,1.0,-9.38389e-05
438,[,1.0,1.0,1.0,1.0,1.0,],-1.0,1.0,-9.04137e-05
439,[,1.0,1.0,1.0,1.0,1.0,],-1.0,1.0,-8.71136e-05
440,[,1.0,1.0,1.0,1.0,1.0,],-1.0,1.0,-8.39339e-05
441,[,1.0,1.0,1.0,1.0,1.0,],-1.0,1.0,-8.08702e-05
442,[,1.0,1.0,1.0,1.0,1.0,],-1.0,1.0,-7.79184e-05
443,[,1.0,1.0,1.0,1.0,1.0,],-1.0,1.0,-7.50743e-05
444,[,1.0,1.0,1.0,1.0,1.0,],-1.0,1.0,-7.23341e-05
445,[,1.0,1.0,1.0,1.0,1.0,],-1.0,1.0,-6.96938e-05
446,[,1.0,1.0,1.0,1.0,1.0,],-1.0,1.0,-6.71499e-05
447,[,1.0,1.0,1.0,1.0,1.0,],-1.0,1.0,-6.46989e-05
448,[,1.0,1.0,1.0,1.0,1.0,],-1.0,1.0,-6.23374e-05
449,[,1.0,1.0,1.0,1.0,1.0,],-1.0,1.0,-6.0062e-05
450,[,1.0,1.0,1.0,1.0,1.0,],-1.0,1.0,-5.78697e-05
451,[,1.0,1.0,1.0,1.0,1.0,],-1.0,1.0,-5.57574e-05
452,[,1.0,1.0,1.0,1.0,1.0,],-1.0,1.0,-5.37223e-05
453,[,1.0,1.0,1.0,1.0,1.0,],-1.0,1.0,-5.17614e-05
454,[,1.0,1.0,1.0,1.0,1.0,],-1.0,1.0,-4.9872e-05
455,[,1.0,1.0,1.0,1.0,1.0,],-1.0,1.0,-4.80517e-05
456,[,1.0,1.0,1.0,1.0,1.0,],-1.0,1.0,-4.62978e-05
457,[,1.0,1.0,1.0,1.0,1.0,],-1.0,1.0,-4.46079e-05
458,[,1.0,1.0,1.0,1.0,1.0,],-1.0,1.0,-4.29796e-05
459,[,1.0,1.0,1.0,1.0,1.0,],-1.0,1.0,-4.14108e-05
460,[,1.0,1.0,1.0,1.0,1.0,],-1.0,1.0,-3.98993e-05
461,[,1.0,1.0,1.0,1.0,1.0,],-1.0,1.0,-3.8443e-05
462,[,1.0,1.0,1.0,1.0,1.0,],-1.0,1.0,-3.70398e-05
463,[,1.0,1.0,1.0,1.0,1.0,],-1.0,1.0,-3.56878e-05
464,[,1.0,1.0,1.0,1.0,1.0,],-1.0,1.0,-3.43852e-05
465,[,1.0,1.0,1.0,1.0,1.0,],-1.0,1.0,-3.31301e-05
466,[,1.0,1.0,1.0,1.0,1.0,],-1.0,1.0,-3.19208e-05
467,[,1.0,1.0,1.0,1.0,1.0,],-1.0,1.0,-3.07557e-05
468,[,1.0,1.0,1.0,1.0,1.0,],-1.0,1.0,-2.96331e-05
469,[,1.0,1.0,1.0,1.0,1.0,],-1.0,1.0,-2.85515e-05
470,[,1.0,1.0,1.0,1.0,1.0,],-1.0,1.0,-2.75093e-05
471,[,1.0,1.0,1.0,1.0,1.0,],-1.0,1.0,-2.65052e-05
472,[,1.0,1.0,1.0,1.0,1.0,],-1.0,1.0,-2.55377e-05
473,[,1.0,1.0,1.0,1.0,1.0,],-1.0,1.0,-2.46056e-05
474,[,1.0,1.0,1.0,1.0,1.0,],-1.0,1.0,-2.37075e-05
475,[,1.0,1.0,1.0,1.0,1.0,],-1.0,1.0,-2.28421e-05
476,[,1.0,1.0,1.0,1.0,1.0,],-1.0,1.0,-2.20084e-05
477,[,1.0,1.0,1.0,1.0,1.0,],-1.0,1.0,-2.12051e-05
478,[,1.0,1.0,1.0,1.0,1.0,],-1.0,1.0,-2.04311e-05
479,[,1.0,1.0,1.0,1.0,1.0,],-1.0,1.0,-1.96853e-05
480,[,1.0,1.0,1.0,1.0,1.0,],-1.0,1.0,-1.89668e-05
481,[,1.0,1.0,1.0,1.0,1.0,],-1.0,1.0,-1.82745e-05
482,[,1.0,1.0,1.0,1.0,1.0,],-1.0,1.0,-1.76074e-05
483,[,1.0,1.0,1.0,1.0,1.0,],-1.0,1.0,-1.69648e-05
484,[,1.0,1.0,1.0,1.0,1.0,],-1.0,1.0,-1.63455e-05
485,[,1.0,1.0,1.0,1.0,1.0,],-1.0,1.0,-1.57489e-05
486,[,1.0,1.0,1.0,1.0,1.0,],-1.0,1.0,-1.51741e-05
487,[,1.0,1.0,1.0,1.0,1.0,],-1.0,1.0,-1.46202e-05
488,[,1.0,1.0,1.0,1.0,1.0,],-1.0,1.0,-1.40865e-05
489,[,1.0,1.0,1.0,1.0,1.0,],-1.0,1.0,-1.35724e-05
490,[,1.0,1.0,1.0,1.0,1.0,],-1.0,1.0,-1.3077e-05
491,[,1.0,1.0,1.0,1.0,1.0,],-1.0,1.0,-1.25996e-05
492,[,1.0,1.0,1.0,1.0,1.0,],-1.0,1.0,-1.21398e-05
493,[,1.0,1.0,1.0,1.0,1.0,],-1.0,1.0,-1.16966e-05
494,[,1.0,1.0,1.0,1.0,1.0,],-1.0,1.0,-1.12697e-05
495,[,1.0,1.0,1.0,1.0,1.0,],-1.0,1.0,-1.08583e-05
496,[,1.0,1.0,1.0,1.0,1.0,],-1.0,1.0,-1.0462e-05
497,[,1.0,1.0,1.0,1.0,1.0,],-1.0,1.0,-1.00801e-05
498,[,1.0,1.0,1.0,1.0,1.0,],-1.0,1.0,-9.7122e-06
499,[,1.0,1.0,1.0,1.0,1.0,],-1.0,1.0,-9.35769e-06
500,[,1.0,1.0,1.0,1.0,1.0,],-1.0,1.0,-9.01613e-06
501,[,1.0,1.0,1.0,1.0,1.0,],-1.0,1.0,-8.68703e-06
502,[,1.0,1.0,1.0,1.0,1.0,],-1.0,1.0,-8.36994e-06
503,[,1.0,1.0,1.0,1.0,1.0,],-1.0,1.0,-8.06443e-06
504,[,1.0,1.0,1.0,1.0,1.0,],-1.0,1.0,-7.77007e-06
505,[,1.0,1.0,1.0,1.0,1.0,],-1.0,1.0,-7.48645e-06
506,[,1.0,1.0,1.0,1.0,1.0,],-1.0,1.0,-7.21318e-06
507,[,1.0,1.0,1.0,1.0,1.0,],-1.0,1.0,-6.94989e-06
508,[,1.0,1.0,1.0,1.0,1.0,],-1.0,1.0,-6.69621e-06
509,[,1.0,1.0,1.0,1.0,1.0,],-1.0,1.0,-6.45179e-06
510,[,1.0,1.0,1.0,1.0,1.0,],-1.0,1.0,-6.21629e-06
511,[,1.0,1.0,1.0,1.0,1.0,],-1.0,1.0,-5.98938e-06
512,[,1.0,1.0,1.0,1.0,1.0,],-1.0,1.0,-5.77076e-06
513,[,1.0,1.0,1.0,1.0,1.0,],-1.0,1.0,-5.56012e-06
514,[,1.0,1.0,1.0,1.0,1.0,],-1.0,1.0,-5.35716e-06
515,[,1.0,1.0,1.0,1.0,1.0,],-1.0,1.0,-5.16162e-06
516,[,1.0,1.0,1.0,1.0,1.0,],-1.0,1.0,-4.97321e-06
517,[,1.0,1.0,1.0,1.0,1.0,],-1.0,1.0,-4.79167e-06
518,[,1.0,1.0,1.0,1.0,1.0,],-1.0,1.0,-4.61677e-06
519,[,1.0,1.0,1.0,1.0,1.0,],-1.0,1.0,-4.44824e-06
520,[,1.0,1.0,1.0,1.0,1.0,],-1.0,1.0,-4.28587e-06
521,[,1.0,1.0,1.0,1.0,1.0,],-1.0,1.0,-4.12942e-06
522,[,1.0,1.0,1.0,1.0,1.0,],-1.0,1.0,-3.97869e-06
523,[,1.0,1.0,1.0,1.0,1.0,],-1.0,1.0,-3.83345e-06
524,[,1.0,1.0,1.0,1.0,1.0,],-1.0,1.0,-3.69352e-06
525,[,1.0,1.0,1.0,1.0,1.0,],-1.0,1.0,-3.55869e-06
526,[,1.0,1.0,1.0,1.0,1.0,],-1.0,1.0,-3.42879e-06
527,[,1.0,1.0,1.0,1.0,1.0,],-1.0,1.0,-3.30363e-06
528,[,1.0,1.0,1.0,1.0,1.0,],-1.0,1.0,-3.18303e-06
529,[,1.0,1.0,1.0,1.0,1.0,],-1.0,1.0,-3.06683e-06
530,[,1.0,1.0,1.0,1.0,1.0,],-1.0,1.0,-2.95488e-06
531,[,1.0,1.0,1.0,1.0,1.0,],-1.0,1.0,-2.84701e-06
532,[,1.0,1.0,1.0,1.0,1.0,],-1.0,1.0,-2.74308e-06
533,[,1.0,1.0,1.0,1.0,1.0,],-1.0,1.0,-2.64294e-06
534,[,1.0,1.0,1.0,1.0,1.0,],-1.0,1.0,-2.54646e-06
535,[,1.0,1.0,1.0,1.0,1.0,],-1.0,1.0,-2.4535e-06
536,[,1.0,1.0,1.0,1.0,1.0,],-1.0,1.0,-2.36393e-06
537,[,1.0,1.0,1.0,1.0,1.0,],-1.0,1.0,-2.27763e-06
538,[,1.0,1.0,1.0,1.0,1.0,],-1.0,1.0,-2.19447e-06
539,[,1.0,1.0,1.0,1.0,1.0,],-1.0,1.0,-2.11436e-06
540,[,1.0,1.0,1.0,1.0,1.0,],-1.0,1.0,-2.03716e-06
541,[,1.0,1.0,1.0,1.0,1.0,],-1.0,1.0,-1.96279e-06
542,[,1.0,1.0,1.0,1.0,1.0,],-1.0,1.0,-1.89113e-06
543,[,1.0,1.0,1.0,1.0,1.0,],-1.0,1.0,-1.82208e-06
544,[,1.0,1.0,1.0,1.0,1.0,],-1.0,1.0,-1.75555e-06
545,[,1.0,1.0,1.0,1.0,1.0,],-1.0,1.0,-1.69145e-06
546,[,1.0,1.0,1.0,1.0,1.0,],-1.0,1.0,-1.62969e-06
547,[,1.0,1.0,1.0,1.0,1.0,],-1.0,1.0,-1.57018e-06
548,[,1.0,1.0,1.0,1.0,1.0,],-1.0,1.0,-1.51284e-06
549,[,1.0,1.0,1.0,1.0,1.0,],-1.0,1.0,-1.4576e-06
550,[,1.0,1.0,1.0,1.0,1.0,],-1.0,1.0,-1.40437e-06
551,[,1.0,1.0,1.0,1.0,1.0,],-1.0,1.0,-1.35308e-06
552,[,1.0,1.0,1.0,1.0,1.0,],-1.0,1.0,-1.30366e-06
553,[,1.0,1.0,1.0,1.0,1.0,],-1.0,1.0,-1.25605e-06
554,[,1.0,1.0,1.0,1.0,1.0,],-1.0,1.0,-1.21017e-06
555,[,1.0,1.0,1.0,1.0,1.0,],-1.0,1.0,-1.16597e-06
556,[,1.0,1.0,1.0,1.0,1.0,],-1.0,1.0,-1.12338e-06
557,[,1.0,1.0,1.0,1.0,1.0,],-1.0,1.0,-1.08234e-06
558,[,1.0,1.0,1.0,1.0,1.0,],-1.0,1.0,-1.0428e-06
559,[,1.0,1.0,1.0,1.0,1.0,],-1.0,1.0,-1.0047e-06
560,[,1.0,1.0,1.0,1.0,1.0,],-1.0,1.0,-9.67989e-07
561,[,1.0,1.0,1.0,1.0,1.0,],-1.0,1.0,-9.32618e-07
562,[,1.0,1.0,1.0,1.0,1.0,],-1.0,1.0,-8.98536e-07
563,[,1.0,1.0,1.0,1.0,1.0,],-1.0,1.0,-8.65696e-07
564,[,1.0,1.0,1.0,1.0,1.0,],-1.0,1.0,-8.34054e-07
565,[,1.0,1.0,1.0,1.0,1.0,],-1.0,1.0,-8.03564e-07
566,[,1.0,1.0,1.0,1.0,1.0,],-1.0,1.0,-7.74186e-07
567,[,1.0,1.0,1.0,1.0,1.0,],-1.0,1.0,-7.45879e-07
568,[,1.0,1.0,1.0,1.0,1.0,],-1.0,1.0,-7.18602e-07
569,[,1.0,1.0,1.0,1.0,1.0,],-1.0,1.0,-6.9232e-07
570,[,1.0,1.0,1.0,1.0,1.0,],-1.0,1.0,-6.66995e-07
571,[,1.0,1.0,1.0,1.0,1.0,],-1.0,1.0,-6.42592e-07
572,[,1.0,1.0,1.0,1.0,1.0,],-1.0,1.0,-6.19078e-07
573,[,1.0,1.0,1.0,1.0,1.0,],-1.0,1.0,-5.96419e-07
574,[,1.0,1.0,1.0,1.0,1.0,],-1.0,1.0,-5.74586e-07
575,[,1.0,1.0,1.0,1.0,1.0,],-1.0,1.0,-5.53547e-07
576,[,1.0,1.0,1.0,1.0,1.0,],-1.0,1.0,-5.33273e-07
577,[,1.0,1.0,1.0,1.0,1.0,],-1.0,1.0,-5.13737e-07
578,[,1.0,1.0,1.0,1.0,1.0,],-1.0,1.0,-4.94911e-07
579,[,1.0,1.0,1.0,1.0,1.0,],-1.0,1.0,-4.76769e-07
580,[,1.0,1.0,1.0,1.0,1.0,],-1.0,1.0,-4.59287e-07
581,[,1.0,1.0,1.0,1.0,1.0,],-1.0,1.0,-4.4244e-07
582,[,1.0,1.0,1.0,1.0,1.0,],-1.0,1.0,-4.26204e-07
583,[,1.0,1.0,1.0,1.0,1.0,],-1.0,1.0,-4.10558e-07
584,[,1.0,1.0,1.0,1.0,1.0,],-1.0,1.0,-3.9548e-07
585,[,1.0,1.0,1.0,1.0,1.0,],-1.0,1.0,-3.80949e-07
586,[,1.0,1.0,1.0,1.0,1.0,],-1.0,1.0,-3.66944e-07
587,[,1.0,1.0,1.0,1.0,1.0,],-1.0,1.0,-3.53447e-07
588,[,1.0,1.0,1.0,1.0,1.0,],-1.0,1.0,-3.40438e-07
589,[,1.0,1.0,1.0,1.0,1.0,],-1.0,1.0,-3.279e-07
590,[,1.0,1.0,1.0,1.0,1.0,],-1.0,1.0,-3.15816e-07
591,[,1.0,1.0,1.0,1.0,1.0,],-1.0,1.0,-3.04168e-07
592,[,1.0,1.0,1.0,1.0,1.0,],-1.0,1.0,-2.92941e-07
593,[,1.0,1.0,1.0,1.0,1.0,],-1.0,1.0,-2.82119e-07
594,[,1.0,1.0,1.0,1.0,1.0,],-1.0,1.0,-2.71687e-07
595,[,1.0,1.0,1.0,1.0,1.0,],-1.0,1.0,-2.61631e-07
596,[,1.0,1.0,1.0,1.0,1.0,],-1.0,1.0,-2.51936e-07
597,[,1.0,1.0,1.0,1.0,1.0,],-1.0,1.0,-2.4259e-07
598,[,1.0,1.0,1.0,1.0,1.0,],-1.0,1.0,-2.33579e-07
599,[,1.0,1.0,1.0,1.0,1.0,],-1.0,1.0,-2.24892e-07
600,[,1.0,1.0,1.0,1.0,1.0,],-1.0,1.0,-2.16515e-07
601,[,1.0,1.0,1.0,1.0,1.0,],-1.0,1.0,-2.08438e-07
602,[,1.0,1.0,1.0,1.0,1.0,],-1.0,1.0,-2.00649e-07
603,[,1.0,1.0,1.0,1.0,1.0,],-1.0,1.0,-1.93137e-07
604,[,1.0,1.0,1.0,1.0,1.0,],-1.0,1.0,-1.85892e-07
605,[,1.0,1.0,1.0,1.0,1.0,],-1.0,1.0,-1.78905e-07
606,[,1.0,1.0,1.0,1.0,1.0,],-1.0,1.0,-1.72165e-07
607,[,1.0,1.0,1.0,1.0,1.0,],-1.0,1.0,-1.65662e-07
608,[,1.0,1.0,1.0,1.0,1.0,],-1.0,1.0,-1.59389e-07
609,[,1.0,1.0,1.0,1.0,1.0,],-1.0,1.0,-1.53337e-07
610,[,1.0,1.0,1.0,1.0,1.0,],-1.0,1.0,-1.47496e-07
611,[,1.0,1.0,1.0,1.0,1.0,],-1.0,1.0,-1.4186e-07
612,[,1.0,1.0,1.0,1.0,1.0,],-1.0,1.0,-1.36419e-07
613,[,1.0,1.0,1.0,1.0,1.0,],-1.0,1.0,-1.31167e-07
614,[,1.0,1.0,1.0,1.0,1.0,],-1.0,1.0,-1.26097e-07
615,[,1.0,1.0,1.0,1.0,1.0,],-1.0,1.0,-1.21201e-07
616,[,1.0,1.0,1.0,1.0,1.0,],-1.0,1.0,-1.16472e-07
617,[,1.0,1.0,1.0,1.0,1.0,],-1.0,1.0,-1.11905e-07
618,[,1.0,1.0,1.0,1.0,1.0,],-1.0,1.0,-1.07492e-07
619,[,1.0,1.0,1.0,1.0,1.0,],-1.0,1.0,-1.03228e-07
620,[,1.0,1.0,1.0,1.0,1.0,],-1.0,1.0,-9.91065e-08
621,[,1.0,1.0,1.0,1.0,1.0,],-1.0,1.0,-9.51222e-08
622,[,1.0,1.0,1.0,1.0,1.0,],-1.0,1.0,-9.12695e-08
623,[,1.0,1.0,1.0,1.0,1.0,],-1.0,1.0,-8.75429e-08
624,[,1.0,1.0,1.0,1.0,1.0,],-1.0,1.0,-8.39374e-08
625,[,1.0,1.0,1.0,1.0,1.0,],-1.0,1.0,-8.04479e-08
626,[,1.0,1.0,1.0,1.0,1.0,],-1.0,1.0,-7.70697e-08
627,[,1.0,1.0,1.0,1.0,1.0,],-1.0,1.0,-7.37981e-08
628,[,1.0,1.0,1.0,1.0,1.0,],-1.0,1.0,-7.06285e-08
629,[,1.0,1.0,1.0,1.0,1.0,],-1.0,1.0,-6.75566e-08
630,[,1.0,1.0,1.0,1.0,1.0,],-1.0,1.0,-6.4578e-08
631,[,1.0,1.0,1.0,1.0,1.0,],-1.0,1.0,-6.16888e-08
632,[,1.0,1.0,1.0,1.0,1.0,],-1.0,1.0,-5.88849e-08
633,[,1.0,1.0,1.0,1.0,1.0,],-1.0,1.0,-5.61624e-08
634,[,1.0,1.0,1.0,1.0,1.0,],-1.0,1.0,-5.35176e-08
635,[,1.0,1.0,1.0,1.0,1.0,],-1.0,1.0,-5.09467e-08
636,[,1.0,1.0,1.0,1.0,1.0,],-1.0,1.0,-4.84464e-08
637,[,1.0,1.0,1.0,1.0,1.0,],-1.0,1.0,-4.6013e-08
638,[,1.0,1.0,1.0,1.0,1.0,],-1.0,1.0,-4.36432e-08
639,[,1.0,1.0,1.0,1.0,1.0,],-1.0,1.0,-4.13338e-08
640,[,1.0,1.0,1.0,1.0,1.0,],-1.0,1.0,-3.90815e-08
641,[,1.0,1.0,1.0,1.0,1.0,],-1.0,1.0,-3.68833e-08
642,[,1.0,1.0,1.0,1.0,1.0,],-1.0,1.0,-3.47361e-08
643,[,1.0,1.0,1.0,1.0,1.0,],-1.0,1.0,-3.26369e-08
644,[,1.0,1.0,1.0,1.0,1.0,],-1.0,1.0,-3.05828e-08
645,[,1.0,1.0,1.0,1.0,1.0,],-1.0,1.0,-2.8571e-08
646,[,1.0,1.0,1.0,1.0,1.0,],-1.0,1.0,-2.65988e-08
647,[,1.0,1.0,1.0,1.0,1.0,],-1.0,1.0,-2.46633e-08
648,[,1.0,1.0,1.0,1.0,1.0,],-1.0,1.0,-2.27619e-08
649,[,1.0,1.0,1.0,1.0,1.0,],-1.0,1.0,-2.0892e-08
650,[,1.0,1.0,1.0,1.0,1.0,],-1.0,1.0,-1.9051e-08
651,[,1.0,1.0,1.0,1.0,1.0,],-1.0,1.0,-1.72363e-08
652,[,1.0,1.0,1.0,1.0,1.0,],-1.0,1.0,-1.54455e-08
653,[,1.0,1.0,1.0,1.0,1.0,],-1.0,1.0,-1.3676e-08
654,[,1.0,1.0,1.0,1.0,1.0,],-1.0,1.0,-1.19254e-08
655,[,1.0,1.0,1.0,1.0,1.0,],-1.0,1.0,-1.01913e-08
656,[,1.0,1.0,1.0,1.0,1.0,],-1.0,1.0,-8.47132e-09
657,[,1.0,1.0,1.0,1.0,1.0,],-1.0,1.0,-6.76304e-09
658,[,1.0,1.0,1.0,1.0,1.0,],-1.0,1.0,-5.06412e-09
659,[,1.0,1.0,1.0,1.0,1.0,],-1.0,1.0,-3.37219e-09
660,[,1.0,1.0,1.0,1.0,1.0,],-1.0,1.0,-1.68493e-09
661,[,1.0,1.0,1.0,1.0,1.0,],-1.0,1.0,-4.4e-323
